3.882955321698377239e-07 3.947611138970159743e-07 4.156232656328507111e-07
3.782337693915753176e-07 3.775125219460446234e-07 3.901429358080541097e-07
4.095399943539004019e-07 4.003229890297522082e-07 4.305673449589246998e-07
3.674575413019314154e-07 3.833310806895666956e-07 3.946893432497716940e-07
3.651601911623471258e-07 3.714042849918209802e-07 4.004105927405692175e-07
3.094724810425026090e-07 3.139298122206490245e-07 3.250358725260355829e-07
3.875976211080838948e-07 3.893658793550506203e-07 4.104889093637128023e-07
3.959464636013924158e-07 4.148125663634252936e-07 4.301191080319581127e-07
3.982336621430031787e-07 4.350901840556944208e-07 4.184793839236576232e-07
4.231188119875652104e-07 4.259204198580610808e-07 4.448224627771754065e-07
3.670116989683806020e-07 3.721909290068334197e-07 3.976045633966890828e-07
3.413674360182795091e-07 3.435943721907620889e-07 3.519876909686763039e-07
3.594137261933672757e-07 3.592209856993208133e-07 3.723244085010460250e-07
3.952184606754549228e-07 3.946460893478061848e-07 4.117256171284937109e-07
6.075386418775073857e-07 5.863526247288873050e-07 5.995781498368237469e-07
3.624782734571177770e-07 3.644379720837493256e-07 3.738957236465743180e-07
3.535936920082798835e-07 3.480626047916316762e-07 3.646855265849315075e-07
4.243189028636199877e-07 4.358642357646407256e-07 4.421237255543786740e-07
4.512895961621317180e-07 4.381659789736347073e-07 4.785266409196044258e-07
3.098642010293072232e-07 3.080330643807850214e-07 3.190039575097429902e-07
2.294255055137780881e-07 2.345137310079656120e-07 2.306512625662270092e-07
3.106493524566643910e-07 3.269016832401413177e-07 3.344550728683248766e-07
3.827870336509912867e-07 3.877408658883510202e-07 4.146457124006548759e-07
1.634954748252533957e-07 1.643040715980926966e-07 1.734032994179840055e-07
2.256751243994511962e-07 2.244546969306286037e-07 2.392652365858470834e-07
1.858905682704277105e-07 1.847203664805792105e-07 1.949664801021763083e-07
2.003612297975017032e-07 2.055306151138671112e-07 2.050783403037933901e-07
2.552675394928190171e-07 2.556415001810624178e-07 2.682779397541317027e-07
1.890735348204773988e-07 1.860296180935989104e-07 2.050176470568379025e-07
3.176377735740763142e-07 3.173017077804774002e-07 3.302082091505934103e-07
2.522936348221300115e-07 2.622889062955924792e-07 2.639770040288973197e-07
2.581391577184463247e-07 2.515919745115515250e-07 2.694117791174290178e-07
2.343802879658009893e-07 2.352697349543582980e-07 2.394526405813740182e-07
1.899818155012519999e-07 1.924554793829250954e-07 2.045525266894266052e-07
2.070266631747681889e-07 2.095142085708014934e-07 2.227794724478679868e-07
1.870342010720507073e-07 1.985697824631190894e-07 1.756250054142038006e-07
1.694724698987311046e-07 1.724067959115392053e-07 1.825368711855294882e-07
1.493591054609929083e-07 1.555214720327224958e-07 1.657855625078838130e-07
2.359080178314689081e-07 2.413056201779596915e-07 2.270104345102779048e-07
1.954920105760122068e-07 1.927612026469392868e-07 2.004349675808301000e-07
2.267940508611780089e-07 2.263350339019029032e-07 2.377110716269966009e-07
2.857841550905504092e-07 2.686233093260955800e-07 2.858467857092126064e-07
2.560812309346549744e-07 2.510300374189669741e-07 2.642460988684946254e-07
2.194198014962662887e-07 2.195990878133170964e-07 2.258215495635754102e-07
2.249123130818028882e-07 2.135601935666569948e-07 2.219467791330746079e-07
2.360646599793298027e-07 2.292939070629357872e-07 2.418454837175015831e-07
2.002494952454067043e-07 2.046810477129105906e-07 2.091327322563814988e-07
2.127203605244214942e-07 2.143343573703615993e-07 2.109936684989478049e-07
3.155520346055897094e-07 3.249318955826760063e-07 3.250498436539970786e-07
2.637315026986701921e-07 2.734244200522571835e-07 2.716082925442425242e-07
2.407457004043925882e-07 2.361462453123603047e-07 2.439454019714720965e-07
2.696796567020323810e-07 2.730153523068314048e-07 2.911547961932609861e-07
2.271299307766265964e-07 2.396027043448091827e-07 2.377887638511890996e-07
2.088947624174961893e-07 2.070818316656375032e-07 2.064440484179189963e-07
1.638640983852783116e-07 1.731538611376792121e-07 1.783025365241387099e-07
2.353697564014853957e-07 2.392788652870581106e-07 2.431815292912310225e-07
2.700567770752017879e-07 2.682220949021394035e-07 2.674243156832504754e-07
1.995553004908928017e-07 2.002107852022685093e-07 2.083881646817881870e-07
1.792260840652430105e-07 1.897094223961806992e-07 1.973653902895531103e-07
3.145649790011334240e-07 3.038054355182893252e-07 3.116242624139973941e-07
1.822452641849296923e-07 1.862644678597473943e-07 1.905621296586882106e-07
2.088934590923957971e-07 2.069072957675809119e-07 2.164406240130909057e-07
2.949762546183114219e-07 2.814235932136888882e-07 2.875637276980633924e-07
2.344334898072988891e-07 2.372900233405777934e-07 2.460283141369940916e-07
2.469502981196800844e-07 2.391338863331356883e-07 2.422354434228987919e-07
4.055900626751864074e-07 4.082610515692998222e-07 4.101128958553118777e-07
3.508064994323308127e-07 3.729323473404460817e-07 3.772114334523621122e-07
3.794683438937923097e-07 3.910896632995468873e-07 3.873959972388730048e-07
3.878341572043990997e-07 3.776886133833396235e-07 4.120774390004636933e-07
4.043250294312068860e-07 4.006516910821253738e-07 4.279807205987861881e-07
2.684958548550800753e-07 2.692796221485602005e-07 2.846023380647595912e-07
4.523617592067312918e-07 4.598692656233197223e-07 4.865408867377882483e-07
3.428062523477356058e-07 3.575253973845905760e-07 3.739828417457289186e-07
4.481104288650234220e-07 4.617121982033892889e-07 4.866342721661432321e-07
4.734045036031754109e-07 4.711635719731733868e-07 4.834599214243190313e-07
3.949227853068519090e-07 3.943768565929821887e-07 4.133280057499410797e-07
4.926834429518642137e-07 4.987490068321499266e-07 5.191185382222626592e-07
2.245244175358305906e-07 2.348550383929174877e-07 2.329748562004215880e-07
2.680040604045574161e-07 2.804723012779561960e-07 2.910389239323320254e-07
1.505741076089423883e-07 1.503033618413106890e-07 1.603338401265243953e-07
2.308932670107660972e-07 2.203072014226472887e-07 2.348315439648701902e-07
2.499873648380965882e-07 2.512945546550101262e-07 2.595982487799043877e-07
2.375436595482044946e-07 2.358478782184763094e-07 2.490235408177363202e-07
1.910256426950720910e-07 1.981250120096960121e-07 1.957007116003223959e-07
2.204408343332504903e-07 2.276531919442543947e-07 2.317184664965694989e-07
2.404789086625192102e-07 2.471958748489113007e-07 2.496109575603228829e-07
1.741796883508639912e-07 1.679321576224784099e-07 1.821803836072734891e-07
1.487751970468163121e-07 1.538295967587681026e-07 1.556463897856196948e-07
2.052725250701272990e-07 2.133921381062896981e-07 2.125991931278256051e-07
1.856334583486076053e-07 1.826473816599076064e-07 1.943355515900405965e-07
2.567972766893655878e-07 2.615508759119345775e-07 2.695475157089431911e-07
2.222367358413023971e-07 2.266761809845428985e-07 2.237565172116182957e-07
1.772463991705354090e-07 1.710003969706393963e-07 1.782319045058848955e-07
1.634118628719805922e-07 1.550113894146733892e-07 1.614472199061593973e-07
1.957122184568038055e-07 1.852233819251393072e-07 1.960898799122191094e-07
1.681834346472692038e-07 1.593069826945396992e-07 1.728521644359245047e-07
1.661789932659015057e-07 1.659658457355583943e-07 1.766869704668113943e-07
2.378234590178524061e-07 2.408196576620434744e-07 2.303045112245629890e-07
1.455956174883252037e-07 1.452932248988348036e-07 1.398975542298827003e-07
1.754762105353950965e-07 1.720615874278104871e-07 1.868440686121541096e-07
1.913475576800260898e-07 1.791773680262781931e-07 1.890992448847417984e-07
1.657655101795110038e-07 1.605507188383900900e-07 1.739399463476978899e-07
1.263562959282711970e-07 1.223428308239249003e-07 1.222955790655144054e-07
1.685075631714746126e-07 1.636163397198981058e-07 1.630578180109060041e-07
2.307683446059537875e-07 2.396921301257652765e-07 2.405359102768433966e-07
2.375881048139580872e-07 2.365730909950004106e-07 2.496821810277534251e-07
2.074195480883642128e-07 1.964003636988990923e-07 2.131034675024111067e-07
2.095884542166754115e-07 2.025850094873860038e-07 2.137816727599720979e-07
2.484613934805913139e-07 2.474127571959044918e-07 2.498824482294999749e-07
2.599205164616400830e-07 2.673187149529141116e-07 2.771862281176017744e-07
2.940729843135773249e-07 3.097203094067435860e-07 3.156480361976378999e-07
2.238163301657998998e-07 2.134172316701316005e-07 2.374554994002487049e-07
2.606279559828567103e-07 2.562009007493894907e-07 2.624067273783634939e-07
1.616698445477685119e-07 1.709377028298789115e-07 1.710374145060316088e-07
3.072187952870598799e-07 3.085432456924717757e-07 3.074877623950555748e-07
1.814027491218860981e-07 1.765415470038506032e-07 1.937459232388815075e-07
2.333876027215545029e-07 2.440932758202205749e-07 2.438843176235898120e-07
2.408597520259789781e-07 2.366064718528526021e-07 2.576560126678554936e-07
2.389700000036336937e-07 2.396136723161782802e-07 2.430201267452857040e-07
1.752959910751796043e-07 1.686510142910930007e-07 1.938351659456652004e-07
1.937776086420702016e-07 1.953544305330483041e-07 1.995837601878561038e-07
1.810273369960687896e-07 1.809779643981500035e-07 1.872062509939054122e-07
2.295416023072220963e-07 2.336916477167995032e-07 2.420927331965131065e-07
2.142914108683809052e-07 2.243557591114835119e-07 2.170393852393789050e-07
2.253690602442635932e-07 2.340988747607134113e-07 2.432638717780127147e-07
2.139878887585206124e-07 1.986361171587642891e-07 2.020062451028511124e-07
2.092600840602883073e-07 2.140030756818047925e-07 2.090464794451821951e-07
1.599179790896458044e-07 1.552127739592946958e-07 1.699789404584916125e-07
2.149466339904626950e-07 2.130573661502594932e-07 2.199438686598164031e-07
2.005571133473395980e-07 2.231602069028636952e-07 2.363415769435223979e-07
2.163596609204961121e-07 2.157621136806734890e-07 2.309452997124919879e-07
3.718848541291953919e-07 3.758850265920001898e-07 3.890664930396061088e-07
3.662742058815038172e-07 3.561894704726575119e-07 3.667347192014796188e-07
4.953024740524036216e-07 4.971601253807854247e-07 5.137253086349487698e-07
5.393294833432131742e-07 5.284151154218508669e-07 5.423175236845428214e-07
5.998390099338143397e-07 6.208604306649773901e-07 6.290483370728041104e-07
5.882220898113382542e-07 5.920143371235812878e-07 6.257717704516413419e-07
3.849085192704836114e-07 3.954470805083570998e-07 4.091734323338059032e-07
4.233335252656732024e-07 4.295714714100784980e-07 4.422239380849158900e-07
6.076350465458152026e-07 5.965723065518241261e-07 6.437874370281569004e-07
4.668699481642686143e-07 4.560669700372077227e-07 4.990079434982302016e-07
6.217599940573630382e-07 6.387309540668265278e-07 6.630035956662004777e-07
4.672048851100898119e-07 4.805849725166612088e-07 4.871516364529931904e-07
4.663444416845727113e-07 4.746832498628955909e-07 4.866544658307325698e-07
4.736773209060958232e-07 4.851395747725230637e-07 5.104668486405444651e-07
4.423583327448183940e-07 4.447624418907490927e-07 4.587719383538707913e-07
4.835300050070855440e-07 4.825343141880908647e-07 5.250406870352950679e-07
4.641509536960844232e-07 4.710718415485733743e-07 4.909716091077460536e-07
5.022684719492920811e-07 5.049846282909786532e-07 5.326584215984892833e-07
3.642371970943411873e-07 3.614307168451094192e-07 3.673940275250568836e-07
2.161437631496122966e-07 2.208595127951598128e-07 2.265169575573862116e-07
2.735744725688888771e-07 2.747077399640256211e-07 2.647636478215785924e-07
2.089211581720786997e-07 2.039457274583682077e-07 2.135610033016889954e-07
2.897537242348266164e-07 2.941155960641260073e-07 3.062481355819582121e-07
2.120240992869899115e-07 2.063230231440018129e-07 2.218914712160065035e-07
2.553291144407665241e-07 2.628992540623795813e-07 2.722419700167095849e-07
3.740940236563781843e-07 3.795390500624360864e-07 4.030026446989417877e-07
3.137795109668718740e-07 3.195036063834891114e-07 3.333618944201610090e-07
4.063811646334953097e-07 3.952605216321769961e-07 4.160527491973029208e-07
4.781064904539865356e-07 4.898934221625026624e-07 4.946937180145943565e-07
7.106990083895814016e-07 7.218781505501374854e-07 7.624700515218686429e-07
4.548719431408068959e-07 4.581846112231281070e-07 4.679480160467086865e-07
3.367857106341301994e-07 3.313015934982709067e-07 3.410349098957956781e-07
4.445424353373908791e-07 4.483699406068205227e-07 4.656931477486496108e-07
3.693209430742460978e-07 3.657333841428606034e-07 3.854205231665448994e-07
3.116847494044722257e-07 3.101529218689289236e-07 3.250897412303164853e-07
3.544911615992897029e-07 3.458289981173156897e-07 3.707281052022565850e-07
3.200459356683788045e-07 3.117830572528945259e-07 3.312803540907592092e-07
4.420921681278309166e-07 4.546023542519159864e-07 4.650867546362613138e-07
3.530614527679744779e-07 3.500952171481840257e-07 3.673686171143155129e-07
3.532296978296131918e-07 3.577442460495490148e-07 3.750926076164302784e-07
6.255610889570554074e-07 6.328555432097419765e-07 6.566208891378287329e-07
6.625202164645758353e-07 6.587242227727968895e-07 7.010419386535124136e-07
4.527705227540911832e-07 4.508201921551804771e-07 4.698652263310318097e-07
2.920139692914492970e-07 3.033498307107279739e-07 3.425016114177740903e-07
4.423955826356503750e-07 4.447806088556683141e-07 4.659838082946816942e-07
3.594598869592770161e-07 3.582176483257758915e-07 3.674425818500631073e-07
4.080275788164996168e-07 4.111762270945798891e-07 4.329515626363287079e-07
3.769468214600206882e-07 3.640293509356505757e-07 3.621276565066180238e-07
2.921076782635190247e-07 3.167754845119822736e-07 3.196050368995309181e-07
3.245390275955958066e-07 3.121379143896563758e-07 3.163346059461940917e-07
1.596636413614373901e-07 1.611574808661561049e-07 1.613383471647683958e-07
2.413118838940810048e-07 2.233487708809694909e-07 2.315216954036829909e-07
2.241549481009063015e-07 2.283144157152235948e-07 2.295294056893221922e-07
5.142477870506677193e-07 5.105493877069057743e-07 5.297865972860372808e-07
3.747035813773126861e-07 3.791593976825326884e-07 3.966113975625978950e-07
4.041044133364188212e-07 3.948035998112762924e-07 4.413908912287514250e-07
3.606558589282087846e-07 3.761723847018559256e-07 3.647463525853695762e-07
3.183168606017404106e-07 3.273125171767830907e-07 3.445857209491370808e-07
3.663623766743102198e-07 3.631858309722963874e-07 3.831537453046859228e-07
3.485281154688790082e-07 3.438858681478979188e-07 3.736765211438126165e-07
3.249450736699116106e-07 3.193886290360085944e-07 3.405391804942066082e-07
4.838744626166080537e-07 4.898198842536552169e-07 4.924065448624619272e-07
2.691366261405025196e-07 2.857204045024867085e-07 2.895518094956439162e-07
2.326721319644436046e-07 2.673601590326547886e-07 2.404842122579294992e-07
3.197993769113789743e-07 3.138621403986930745e-07 3.258324807510920099e-07
3.081369545572394909e-07 3.022804477656714203e-07 3.119679785561023069e-07
2.659426319221282142e-07 2.580733047002161989e-07 2.803535853767586936e-07
2.718767377541755232e-07 2.720976184621017854e-07 2.714964311644288810e-07
2.972816166284539890e-07 2.750506070767699804e-07 2.989003303719286093e-07
2.847214296843609249e-07 2.882579322376363946e-07 3.172063738057031837e-07
2.898870809453527791e-07 3.047278781558780785e-07 3.064377053821891234e-07
3.983477284610597074e-07 3.925833370190619145e-07 4.173498439001369114e-07
2.813365556773658955e-07 2.845758710776714144e-07 3.053913795514289140e-07
2.586239383845487894e-07 2.628554696515027905e-07 2.826642922388277914e-07
3.552576188208978064e-07 3.594479299576827248e-07 3.756446685338245021e-07
3.141450023665123926e-07 3.096285698762602932e-07 3.066645801663418243e-07
3.026477209914712964e-07 2.815267374462477964e-07 2.853973334638507150e-07
2.679743679449831978e-07 2.744928813097426244e-07 2.960657540270438892e-07
3.366054532778196245e-07 3.352982056537525141e-07 3.381069017118439837e-07
2.554747418150837014e-07 2.645608443797794764e-07 2.536942480948920900e-07
3.061777443938981947e-07 2.988666891331535087e-07 3.067693004696104071e-07
3.114033613886278865e-07 3.294935508397784089e-07 3.198274749496960086e-07
2.969907477718551975e-07 3.135707991887080960e-07 3.436449296083606206e-07
2.626145868594063051e-07 2.774929641841775045e-07 2.757155230678428877e-07
4.138702803895533073e-07 4.446237186739114906e-07 4.339662391484917873e-07
2.189444071021365024e-07 2.149459515351156109e-07 2.253476288518920985e-07
2.285640080787851122e-07 2.222586869331557941e-07 2.348170975378748008e-07
3.215339902295329743e-07 3.343226124083641038e-07 3.377010025105263928e-07
2.818803951425000953e-07 2.928865252083249127e-07 2.957964958259517062e-07
2.946668797795508236e-07 2.867632738313485136e-07 2.656648631742672049e-07
2.417926519639481948e-07 2.387874485815502064e-07 2.444127111153955238e-07
3.060420309260359863e-07 3.111382463735034221e-07 3.249952776561456867e-07
2.687455252069894817e-07 2.636047520659669101e-07 2.981751960173205841e-07
3.145837023703588935e-07 3.273836265331105016e-07 3.422360469494220016e-07
2.819477299194419037e-07 2.834926555143161841e-07 2.881251279918643895e-07
3.013688018545611077e-07 3.073023340744557860e-07 3.167400635267705108e-07
3.693641462954189116e-07 3.690246768580906182e-07 3.798206386096743115e-07
2.367303609036503088e-07 2.367457003486704105e-07 2.601682736807823116e-07
2.544841661182183876e-07 2.583824509875990260e-07 2.645122711810074039e-07
2.644104715180579877e-07 2.826389930087646155e-07 3.117793145990156152e-07
5.891780441531545526e-07 5.897189532013172617e-07 6.239188564859403372e-07
3.436325502491301770e-07 3.434539027094152807e-07 3.550227786274610738e-07
3.776745341600889118e-07 3.654366651142386927e-07 3.898147608664912824e-07
2.772105191161130850e-07 2.773475273039785861e-07 2.911225911442634795e-07
4.097742685477095758e-07 4.054811731779012929e-07 4.018785093743467807e-07
3.906120250409904807e-07 3.854800453205232884e-07 4.123383016051049084e-07
3.105593805033552818e-07 3.061035288663051249e-07 3.418283227935312084e-07
4.002395763117130874e-07 3.670889432321938239e-07 4.184753893217967916e-07
4.280945873388955862e-07 4.636640876484370862e-07 4.286015871827411109e-07
3.856275396171313830e-07 3.843741647188420916e-07 3.999682960855646878e-07
3.126373171805845994e-07 3.568907031680796832e-07 3.528128779683030791e-07
3.750451152214500155e-07 3.880116374361215951e-07 4.221757295099404141e-07
3.117475715478245927e-07 3.444393702295745924e-07 3.471849129790545134e-07
3.273601856905850856e-07 3.367635616985722182e-07 3.316468050814653913e-07
3.373172064907193084e-07 3.239193553783050786e-07 3.529005543337986791e-07
3.600644527379031935e-07 3.550253126090996036e-07 3.824592142221576896e-07
3.382109908245476109e-07 3.334938094438094809e-07 3.799715436516197126e-07
3.252351323800643081e-07 3.333389659144147855e-07 3.307441927727030750e-07
3.039413492667464813e-07 3.001361917386768792e-07 3.270881407624040082e-07
3.395961652315759047e-07 3.260449675767494901e-07 3.337044338320089822e-07
3.375138244307693098e-07 3.387145872314176167e-07 3.523047049716762960e-07
3.992475141962114897e-07 3.964076695296698211e-07 3.955550247385579161e-07
3.026957591550517091e-07 3.042023356625834074e-07 3.084235773725856104e-07
3.619660437792681912e-07 3.749805271015429906e-07 4.044905626275323179e-07
3.448674681232541107e-07 3.495231890182094050e-07 3.720830201094386987e-07
3.789663349751854860e-07 3.853886384323902766e-07 4.051394294519022220e-07
3.372835946050370909e-07 3.254881974008183821e-07 3.383558861074914184e-07
3.310132022592283114e-07 3.410021578696299191e-07 3.564737953617650889e-07
4.133192354759253954e-07 4.342436555974698033e-07 4.385005005105263214e-07
3.095034978482691836e-07 2.914978730387821942e-07 3.195584821227023938e-07
4.688612044459740212e-07 4.900483427856776839e-07 4.946789819932883157e-07
3.374209225756048087e-07 3.328760321800649168e-07 3.235668134464629252e-07
3.889961493375701142e-07 4.119109515241175140e-07 4.100786712089132913e-07
2.841730765101297986e-07 3.138574482745837159e-07 3.173832278625574797e-07
3.276491934873314957e-07 3.291871310432156940e-07 3.254468941975194030e-07
3.346505769625574090e-07 3.415201222775626079e-07 3.526946910146527040e-07
4.072714901362020759e-07 4.187731534743736946e-07 4.281053502271993894e-07
3.930114638859838201e-07 3.954725960952664050e-07 4.307350979517153204e-07
3.711562084533982129e-07 3.817301107729956962e-07 4.165463687321937171e-07
4.002917020126879973e-07 3.800521118607595923e-07 3.969552171978974853e-07
3.408290236390824063e-07 3.323388071854328071e-07 3.711513018562815868e-07
3.291857648121620149e-07 3.300806850735428928e-07 3.515462363028972871e-07
4.134525463428137262e-07 4.349457529115604031e-07 4.284443385247923949e-07
3.577318144753426911e-07 3.800581662772476951e-07 3.724263853502538108e-07
4.293012426825391141e-07 4.440296650280444026e-07 4.844746710972197945e-07
4.287820030561347977e-07 4.470087107383731880e-07 4.690869110227731078e-07
3.292262778994591897e-07 3.209703506841175887e-07 3.408992401637579761e-07
3.237209485289218234e-07 3.401304446389273133e-07 3.331084652814662823e-07
3.229871576212451112e-07 3.516689967353028257e-07 3.735284700462266037e-07
3.317526341102715818e-07 3.409544892165204916e-07 3.460638477441414152e-07
3.166131755431021241e-07 2.984438080880983753e-07 3.130285605434085962e-07
3.253062155937576822e-07 3.404154211323550785e-07 3.669910422963638057e-07
2.704521171756061225e-07 2.793784993208149056e-07 2.966828969966251104e-07
3.664899459383121894e-07 3.963703692436398788e-07 3.722119900469420777e-07
3.676294180766323117e-07 3.443167046105432115e-07 3.508123078025226962e-07
4.004874340331869800e-07 4.105536051607025133e-07 4.458126434811948101e-07
3.349726211211285896e-07 3.299691132430682749e-07 3.659692754122603103e-07
3.384246923267807143e-07 3.507787030792710890e-07 3.744246363705012861e-07
4.235524144969045988e-07 3.979417245400030209e-07 4.557150660455651870e-07
3.337164479487978964e-07 3.439062718402189241e-07 3.440926979453861205e-07
4.359024298546304116e-07 4.382758486431387804e-07 4.524959294243798232e-07
3.361023028628595838e-07 3.402945307516091865e-07 3.542530464501227022e-07
4.678451453169146919e-07 4.700891341668333873e-07 4.763169421486555967e-07
2.882549217081459217e-07 2.806382751252439787e-07 3.107999437146536177e-07
2.752721618178043878e-07 2.608969647077716899e-07 2.975714171542248892e-07
3.824731367088761065e-07 3.666887015528441204e-07 4.014353680861766085e-07
3.126930148891634172e-07 3.278761345130473800e-07 3.288785016519527158e-07
3.895011386390274229e-07 4.060564814468941241e-07 3.986484576641449821e-07
3.861651614176933263e-07 3.735848244704209925e-07 3.997107354990026104e-07
4.631719627197550843e-07 4.401998213199544902e-07 4.522819768092397056e-07
3.953084900642515114e-07 3.898045965040387135e-07 3.932733570445725960e-07
3.413557809444220151e-07 3.416591299665838859e-07 3.641492680866862848e-07
3.623410070524595040e-07 3.615404677512823247e-07 3.943561309964233899e-07
3.808036888074613741e-07 3.941540300972745076e-07 4.158709468739262116e-07
3.513213681762654235e-07 3.492931070668988945e-07 3.659470729944733098e-07
2.815118866327086736e-07 2.918816067713806160e-07 3.247392155356015835e-07
4.528031563610773786e-07 4.579704408618413847e-07 4.823625018443355238e-07
3.188289679093057128e-07 3.120057956479040169e-07 3.384872169289505837e-07
3.524023184502712766e-07 3.500165210044507740e-07 3.718252733436480101e-07
3.794162073829767859e-07 3.697774313570975148e-07 4.023939014839071250e-07
3.580639359659076142e-07 3.493820756013183032e-07 3.812531857631771773e-07
2.902488356469242764e-07 3.106537857178648809e-07 3.405179875726918248e-07
4.450338424066974921e-07 4.295865002910022256e-07 4.627480658337932993e-07
4.320219085064959101e-07 4.371704517520209816e-07 4.412321328408032771e-07
3.845097796145267830e-07 3.970101810864400838e-07 4.008753388917684132e-07
4.071505551058170115e-07 4.217040274421344902e-07 4.446648310431634895e-07
3.334912849616485251e-07 3.363185826126295241e-07 3.498512799534705847e-07
3.435031414540072087e-07 3.707308067603994205e-07 3.702030001968331950e-07
3.549852106775003810e-07 3.783910799133273957e-07 3.847232206075591049e-07
3.258047896802357755e-07 3.352898691473660854e-07 3.190641250228935876e-07
3.204847874547057842e-07 3.007304702312520958e-07 3.091518834928410781e-07
3.019914094043337139e-07 2.959734393761222840e-07 3.225580741360476255e-07
3.614822970203818884e-07 3.564597336585389877e-07 3.739828930700194791e-07
4.248615799923117150e-07 4.158802465021543057e-07 4.659176313479715787e-07
3.743390147790142153e-07 4.050571136470349803e-07 4.065824144030391878e-07
4.154862582723692164e-07 3.890076674296070853e-07 3.889674688353366880e-07
3.699874427406938154e-07 3.827031021678993822e-07 4.054075058793918068e-07
2.865550473063652781e-07 2.916372651469769068e-07 3.215928024820539772e-07
4.992939645766314952e-07 4.756776926155350053e-07 5.149402737900461736e-07
3.155881320811853906e-07 3.219426693121796871e-07 3.459067496390194078e-07
3.848687121368613247e-07 4.006822312285526817e-07 3.888056245272063892e-07
2.965458386005835052e-07 3.073757192172237951e-07 3.245120960755142233e-07
4.610588756760236881e-07 4.653012614032793072e-07 5.174610986033157755e-07
4.575427343857901795e-07 4.518459354990981077e-07 4.662484262720880962e-07
3.538971340026863043e-07 3.548013318057841746e-07 3.547951203308915218e-07
3.307806718034976774e-07 3.396409714189338842e-07 3.541446530068924239e-07
3.930318073982503906e-07 4.027041991613136243e-07 3.929927868130513836e-07
3.048063478262625062e-07 3.168065953152647886e-07 3.531987792597119260e-07
4.009651322054271882e-07 3.870176435098489903e-07 4.096024197729493829e-07
3.907927943545813238e-07 3.829714906832246096e-07 4.171898649083028920e-07
4.565203241778766261e-07 4.652575329824274772e-07 4.676008334198417096e-07
5.153192163594175726e-07 5.214479130985983942e-07 5.534713435301243516e-07
4.316788461600542945e-07 4.184645710877159933e-07 4.624693186567755820e-07
4.312304597551560791e-07 4.393728195422619744e-07 4.387406377216954748e-07
4.448916894499023915e-07 4.246161937690267787e-07 4.271880191616610186e-07
5.178004510305403942e-07 5.296362518463438621e-07 5.422913210828673987e-07
2.971799929678080820e-07 3.055220006335381881e-07 3.083401166754141898e-07
2.706778526787398117e-07 2.759164964140751200e-07 3.020830875398785153e-07
3.640662981743393071e-07 3.437185324375017075e-07 3.861616561964414824e-07
3.124512293371182990e-07 3.237474373937324038e-07 3.279226259362819838e-07
3.469421703759360839e-07 3.732415333572668253e-07 3.755472478204523821e-07
3.509961145366612737e-07 3.559585573973097233e-07 3.797278352712474859e-07
3.352816291586340791e-07 3.427272274661116945e-07 3.729675262148174115e-07
4.357583235365670863e-07 4.382866371611540194e-07 4.500443093494190759e-07
3.378721538038539823e-07 3.396194938211093784e-07 3.486716590528947136e-07
2.654885133041407152e-07 2.633115910616405936e-07 2.805064534868330991e-07
3.326783668142064902e-07 3.344631866370110833e-07 3.435502320615273851e-07
2.688021091623222165e-07 2.631015020717773759e-07 2.913191491890081767e-07
3.060997088316758901e-07 3.041107799377193203e-07 3.346421801022684859e-07
3.002119634314165249e-07 3.008607668636898846e-07 3.214386122523908235e-07
3.345382151279674745e-07 3.394516014852077060e-07 3.641831280467656821e-07
2.995897769208874235e-07 3.055035367259185035e-07 3.302370038953764051e-07
3.834844408110293909e-07 3.671487646285281114e-07 3.970006195986991827e-07
4.231582938968217959e-07 4.132312022031035928e-07 4.301457745251234159e-07
4.015725690027852200e-07 3.814199919278849988e-07 3.944898995577854745e-07
3.161083878261171776e-07 3.356015141505035143e-07 3.554528005330206969e-07
2.862466751646480852e-07 2.790806718215133074e-07 2.921513972175709119e-07
3.806025869527099066e-07 3.873818949994551035e-07 4.020154497813995979e-07
3.360771369753323026e-07 3.341493801335967747e-07 3.479477735269470948e-07
4.251347449445118804e-07 4.061758804337724926e-07 4.482709788787565850e-07
3.844740104676810780e-07 3.944246312256607189e-07 4.125283678670768779e-07
2.759495345456416142e-07 2.729101718970056791e-07 3.160111644582634816e-07
3.088757082079222814e-07 3.079853790814079790e-07 3.400670505446455134e-07
2.657420860411274126e-07 2.652050762262835904e-07 2.860003781824147802e-07
3.433846871958430736e-07 3.560913895838429927e-07 3.674544153073325105e-07
3.533957764094928951e-07 3.431042297531026942e-07 3.575049118284858825e-07
5.309376114486967823e-07 5.453264562255371686e-07 5.360507171286375100e-07
4.180729427619896901e-07 4.017423215107536127e-07 4.400866422429906845e-07
3.411853646411683833e-07 3.540710227137392849e-07 3.722573357417807858e-07
3.015490428389084878e-07 3.069898274271934230e-07 3.279774455684086050e-07
3.961567971676179171e-07 3.988125346335928102e-07 4.110224946036878772e-07
4.374814872256268840e-07 4.510333916626681812e-07 4.309983235794670840e-07
5.108725840977175567e-07 5.130049894552358392e-07 5.452048498544849302e-07
4.977724202495540449e-07 4.817619628362763343e-07 5.103720126455923422e-07
3.878515788506494890e-07 3.898467553592626137e-07 3.987580167723141144e-07
4.526998460104344874e-07 4.544676082187160013e-07 4.655143412415297126e-07
3.603121102978878880e-07 3.529406211925917989e-07 3.746591546453728746e-07
3.835372383906181821e-07 3.829432751586276005e-07 4.029846993692006166e-07
3.033005825927519786e-07 3.162145921025391933e-07 3.120869893912164806e-07
3.300724742856980901e-07 3.369198269156599069e-07 3.627478991288289907e-07
2.904499464228737075e-07 2.874984762754557803e-07 2.959816862704168124e-07
3.104428404361689203e-07 2.918536372695129872e-07 3.206816687854915030e-07
2.961729426134124882e-07 2.926871089067263769e-07 3.177663628982638865e-07
2.342357112681344116e-07 2.404899183231205950e-07 2.430610229158536948e-07
2.589931828016423775e-07 2.617742858009762986e-07 2.856953681165848768e-07
3.408464420437248951e-07 3.391604288524815843e-07 3.546590319901410757e-07
3.159882973389729263e-07 3.276079618227565812e-07 3.191636102340620170e-07
3.444148279735657846e-07 3.525907722292192956e-07 3.579572816274271030e-07
3.126252517985028753e-07 3.131654407512770042e-07 3.364973888011376086e-07
2.733724213146805878e-07 2.684920685119031191e-07 2.834808043386198961e-07
2.843773027953079965e-07 2.726929939371424759e-07 2.944986845830925980e-07
2.804128411645812975e-07 2.899468207897800095e-07 3.131927796679039910e-07
2.396610946886893109e-07 2.559513067450452951e-07 2.465892720069493158e-07
3.144759505431183930e-07 3.252074581499476242e-07 3.305879124987132996e-07
2.903820211108863099e-07 3.092122698737097994e-07 3.059217021768982871e-07
1.953557417464274883e-07 2.014673507404512009e-07 2.179913204915555920e-07
3.182884519905831868e-07 3.165972314066815120e-07 3.299236947581620240e-07
2.947728422125688187e-07 2.966772009429443816e-07 3.157400337598113782e-07
2.866916535610659909e-07 2.766920092398722197e-07 2.952218850898108252e-07
3.183247576745039878e-07 3.129181790050570885e-07 3.156259132417737746e-07
3.944082260394541789e-07 3.823415621561236002e-07 3.817183486720463122e-07
3.478135284212918229e-07 3.447782076190359789e-07 3.646780909539306894e-07
2.608968363852212910e-07 2.613475009132955189e-07 2.641800398784138865e-07
2.835364572396946758e-07 2.975387630247015079e-07 3.055398276532829248e-07
1.617586871995957062e-07 1.494514744462299052e-07 1.738570956260420978e-07
1.943581072284052037e-07 1.995197081928210968e-07 1.937749983795420889e-07
1.627182719813466890e-07 1.595291855667269096e-07 1.726952467057229084e-07
2.391848228869182169e-07 2.534372822717529043e-07 2.474472613462493069e-07
4.306096011287627171e-07 4.338558285447511897e-07 4.502623290294835107e-07
4.072180620808583215e-07 4.187740647993928056e-07 4.149129339617425954e-07
3.321969419288843791e-07 3.047596768220461899e-07 3.431117411592139995e-07
3.252688534668256076e-07 3.235430085916266825e-07 3.097633039220653026e-07
2.924483328893619754e-07 3.104857301809162766e-07 3.375682091152876819e-07
3.006698834294445966e-07 3.096638397660309063e-07 3.067286410561249205e-07
2.477965720881053905e-07 2.382445588231571117e-07 2.466906607596962860e-07
2.702704975988267772e-07 2.605853679151018995e-07 2.785731908565265092e-07
3.354980291820431070e-07 3.578355690635617234e-07 3.539046903579694961e-07
2.614289994889549048e-07 2.647469691417321188e-07 2.666118918826486250e-07
