3.798397697185647847e-07 3.759484464247843785e-07 4.505650133956110848e-07
2.615454201692117904e-07 2.221458305088130106e-07 2.247159403698499015e-07
5.420941301907858650e-07 4.822774461074437482e-07 4.801155947013904947e-07
3.477009680374853248e-07 3.124601035084833906e-07 3.294437418155134040e-07
4.211434037429785833e-07 3.726269636259200953e-07 3.830515730478542057e-07
3.283506777037616846e-07 2.797898796739627059e-07 2.898450764151443968e-07
3.675385830201361065e-07 3.305354466312511895e-07 3.353213437197484218e-07
3.573829349679982950e-07 3.562871836869665055e-07 5.124926781963261223e-07
2.839184438065424767e-07 2.791707689684684190e-07 3.588873003977681072e-07
3.051253471566045226e-07 3.098412548749826223e-07 3.822624224786585113e-07
5.260211463083845486e-07 4.297558358255142182e-07 4.640956418091984176e-07
5.120415385904492422e-07 3.087069358508464106e-07 3.355829438944117084e-07
4.810684586343688854e-07 3.628611041663953767e-07 3.564273735954493081e-07
2.781958775905441865e-07 2.763252890325597849e-07 3.972948606469263171e-07
4.495768857285702108e-07 4.574782563334913942e-07 5.548699432168720889e-07
3.677548107457854833e-07 3.822539124545542767e-07 4.390649462200952749e-07
4.012472353578598778e-07 3.979012938219039825e-07 4.949575235490891024e-07
4.508770871571971845e-07 4.246237976916257040e-07 5.016900813037897600e-07
3.779215342387760909e-07 3.975355610781700132e-07 4.781233087667925416e-07
5.801196089671704261e-07 5.248292377557610247e-07 5.598937748212382511e-07
5.800505818862270139e-07 5.509714332528669955e-07 6.229893930255634184e-07
5.218933363508446480e-07 4.538340778616776182e-07 4.839223415327634777e-07
5.842679602660913653e-07 3.979598897820785093e-07 3.926820816602284844e-07
4.904276399714597479e-07 4.017700010821518006e-07 3.965475043093536235e-07
5.528541938316030713e-07 4.767367736519397790e-07 4.717332502522877971e-07
4.227787752694452911e-07 2.618076239546737815e-07 2.673389936598033125e-07
3.962547322580909168e-07 2.676560870395409233e-07 2.933469067365836785e-07
4.353561480565318839e-07 3.513086975479597207e-07 3.859851992539458035e-07
4.477409253985504205e-07 3.457954537017625179e-07 3.514325681417283741e-07
2.671770680635593863e-07 2.634633250644675147e-07 3.600484305694582062e-07
5.583336974323687766e-07 4.233518918793932253e-07 4.488699785516352840e-07
8.344252853980145720e-07 4.881216150661358971e-07 4.999363124786466496e-07
6.076588973953062519e-07 4.027821280515181859e-07 4.176646378895057020e-07
6.431600825548021100e-07 5.658893138044252210e-07 5.507358285303247082e-07
4.110532435381590243e-07 3.695332456863738983e-07 3.818040830426892748e-07
4.957171947010501872e-07 5.113112341098384351e-07 6.234460326789948916e-07
5.205133646310049436e-07 4.784719356094138420e-07 4.843337288442528995e-07
3.956293161500409910e-07 3.046198900502113806e-07 3.257719866067628826e-07
3.549903084656509993e-07 3.566926981605122070e-07 4.579821686429323168e-07
2.645312059695450174e-07 2.577228501302076743e-07 3.061052551601817908e-07
4.861541092914105402e-07 4.111353731352827141e-07 4.249998314456566738e-07
3.861245053522758173e-07 2.992193886626256744e-07 3.035990145918580933e-07
3.615749138274272138e-07 3.072903929060182967e-07 3.163609294548019964e-07
3.505606916644485921e-07 2.911091251803086113e-07 3.048743268176705755e-07
3.892268517833023048e-07 3.276531290938036254e-07 3.417485861474467893e-07
3.820457705446128216e-07 3.264575101096413145e-07 3.310828612370166794e-07
4.421486919759347801e-07 3.717616867359319929e-07 3.828521520160262222e-07
2.971792351842425262e-07 2.463474926957920781e-07 2.457840720247695948e-07
3.770187697677273221e-07 2.975012928483627215e-07 3.132457789270076938e-07
3.415119234874214894e-07 2.754758184056648831e-07 2.753875404757154113e-07
2.851403338103596114e-07 2.060027539704708990e-07 2.259898057532548936e-07
3.550055086141462260e-07 2.911271875000695117e-07 3.104979844500898827e-07
3.639022945404902739e-07 3.197679839825298957e-07 3.349325132890134178e-07
3.325770508819063229e-07 3.021818678098718843e-07 3.196618757121934188e-07
3.835776804911164783e-07 3.429866566585704150e-07 3.631399871052893854e-07
4.232337983428870087e-07 3.736418256235454800e-07 3.824186951899120760e-07
3.537060696941998178e-07 3.174752911322464855e-07 3.249463758358147773e-07
3.972621228458119160e-07 3.256322432418792795e-07 3.239302522783924961e-07
3.632305116597775785e-07 2.907104237067230907e-07 3.048178695138192895e-07
2.613876230717848181e-07 2.627778422526477811e-07 3.265267179243006182e-07
4.037689185545690019e-07 4.088295358369362048e-07 4.518996161153873809e-07
2.808971725465877064e-07 2.886120328573076165e-07 3.872006458848578753e-07
3.394379297190559890e-07 3.447983563263268900e-07 4.708307960539102229e-07
2.409481142276084844e-07 2.360504526241459925e-07 3.706522792141020917e-07
2.917459726651809044e-07 2.967309887456464070e-07 4.812958188783362398e-07
2.891794913599883202e-07 2.847916430147019794e-07 4.011060538720898219e-07
2.757675948096318843e-07 2.860778952719181882e-07 3.646656170226963850e-07
2.992682095999903029e-07 2.794973738157392962e-07 3.739865787535180781e-07
3.041747484096111255e-07 2.983404984220397941e-07 3.908145048121983169e-07
4.151121251086327118e-07 4.221776274286769760e-07 5.586349643382992691e-07
2.158771416977729074e-07 2.195898186662026870e-07 5.128333827336674933e-07
3.436207504133030794e-07 3.426573312293141911e-07 3.905552094677695075e-07
3.028001632425665131e-07 2.969440669296638069e-07 3.611840800336789159e-07
3.509567855946105098e-07 3.449325669846260873e-07 4.974098493143898706e-07
5.401153140174099055e-07 5.560027167596627242e-07 6.350206116130557367e-07
4.967453088621365748e-07 4.359226421179715231e-07 4.364780954965196755e-07
4.571244614791401105e-07 3.442847722486632065e-07 3.595993180054729230e-07
5.325696167294278161e-07 4.159191592071224797e-07 4.328104985300973876e-07
3.983066588508553137e-07 2.888921659926985863e-07 3.200442570228813075e-07
4.198190408230680243e-07 3.233769139244785989e-07 3.447681485171956059e-07
4.174785414111150162e-07 3.341551626425194846e-07 3.594468963098394863e-07
4.950088017470696940e-07 3.734796461488771772e-07 3.848905700925729228e-07
4.233980492579026955e-07 4.222369064497759781e-07 5.335988472381041511e-07
4.172159573778636987e-07 4.187034352838690933e-07 4.861764888933291695e-07
3.549303380806456076e-07 3.601257100224043243e-07 4.227957626551656180e-07
4.862662742719516367e-07 3.586415443725612246e-07 3.699231949916577999e-07
4.663666137290560895e-07 4.138420153154366138e-07 4.452883524441868202e-07
4.780357174741228663e-07 4.188786175202579216e-07 4.347408843626776086e-07
4.011097919824685981e-07 3.891135740712236812e-07 4.842017029306575335e-07
4.537848254137354769e-07 4.421117579690070157e-07 4.977192622438412068e-07
3.445564919418072911e-07 3.453145116063257896e-07 4.287143470902355032e-07
3.123158053388750748e-07 3.194374575020699853e-07 3.934526400801300187e-07
3.900856272051046210e-07 3.753690411889245787e-07 4.796491244994380838e-07
3.264684800294623764e-07 3.319173147045190924e-07 3.831286407503926887e-07
2.093750118099110871e-07 2.151568645199652915e-07 2.970074402089308030e-07
1.832402425270483010e-07 1.709321253816388885e-07 2.656293023415311880e-07
1.811576628684623032e-07 1.791609020816704012e-07 2.620559427727266136e-07
2.103733453557385992e-07 2.017057577956586107e-07 2.926988105017935858e-07
2.189522177849453070e-07 2.210559526492054929e-07 2.550765568651629785e-07
4.023020809501312801e-07 3.104785571826882958e-07 3.264755666386009082e-07
3.743339857049453878e-07 3.811033569276062043e-07 4.800143254305018886e-07
2.857219255004092131e-07 2.825542090559503053e-07 3.375660088493567781e-07
5.332011531945963802e-07 4.756129814759856872e-07 4.719056359578254821e-07
3.552296710489470260e-07 3.000578731965117117e-07 3.317257293282538924e-07
4.450120267521580869e-07 4.350934406375069053e-07 5.237688999879792436e-07
3.535278751331334995e-07 2.930263408729420791e-07 3.098381539167745140e-07
3.575756741560372138e-07 3.032745051104750913e-07 3.228614517866842749e-07
4.760489549143513095e-07 3.472027107295246181e-07 3.858309689718636061e-07
3.385619435651155963e-07 2.873907661332984821e-07 3.024461315466322949e-07
2.822465103104760841e-07 2.882385677440884096e-07 3.837807838516034254e-07
7.171098718715498947e-07 6.394639287040020023e-07 6.687944948250818685e-07
6.713859636250037466e-07 3.684050231142321866e-07 3.881457074022207778e-07
6.929275043022385048e-07 4.671986570720080179e-07 4.824047323565327291e-07
5.581920857414127996e-07 4.157277848968151243e-07 4.358882214517745246e-07
6.142805073773942640e-07 5.175000587184536837e-07 5.406521890149744442e-07
4.710680104615021193e-07 4.628343304206472088e-07 5.355318623140918437e-07
6.022694005546375972e-07 5.130295896914522385e-07 5.160640916542085377e-07
6.731862508227662579e-07 5.215523666356532429e-07 5.495386453648662093e-07
4.338703701321871929e-07 4.506296969461740921e-07 5.325559890252064374e-07
3.933488182424608110e-07 4.193444110273853773e-07 4.356382948430671993e-07
4.962522222420532440e-07 4.174717554133309080e-07 4.483911734558878233e-07
4.659103561340071126e-07 4.361655876008659030e-07 4.637807453530217235e-07
4.788803371775483915e-07 3.572901077819031111e-07 3.629054757271482006e-07
6.045210579068310767e-07 4.721137468374731150e-07 4.829950532364468370e-07
4.563082600975836241e-07 3.354543807783184146e-07 3.608490774924393780e-07
5.275048052583696046e-07 5.234031524238842320e-07 6.020075482669099033e-07
3.363837562969868158e-07 2.891207438176720120e-07 3.070197270750876920e-07
3.950088974212831229e-07 3.353598272231605851e-07 3.772068376079207228e-07
2.700719850529633123e-07 2.535340550844659799e-07 2.613752331515148128e-07
3.554539844012356121e-07 3.097923827207968031e-07 3.206375007163970956e-07
3.720169381174080064e-07 2.887610815893484816e-07 3.123931544183274039e-07
3.797199569692680211e-07 3.268526209723689087e-07 3.385398849138108167e-07
4.245361984576415128e-07 4.103630582433664941e-07 5.521598927386606612e-07
3.152579860191195240e-07 3.153913994750629943e-07 3.618791103798308116e-07
3.126750745195935045e-07 3.131184535374743149e-07 3.729039932606527799e-07
5.487611456453812125e-07 5.469737203987305706e-07 6.187944288401417183e-07
4.338580821953358819e-07 3.838191052107020804e-07 3.969444958206291896e-07
3.940734504409803894e-07 3.687099740385692043e-07 3.538416624176292152e-07
5.465735780694514729e-07 4.680940446893427922e-07 4.919385985748034861e-07
3.559704151706618928e-07 2.948092276499765878e-07 2.982144791954929972e-07
4.167188497910020840e-07 3.382675976830438110e-07 3.694518580989619094e-07
4.601158323707862787e-07 3.830439182222278741e-07 4.111879114979322989e-07
3.110279285191585117e-07 3.082320610417323205e-07 4.261748010881949852e-07
3.215116759989358255e-07 3.249371137844829054e-07 4.071261006256894814e-07
2.561308841012484242e-07 2.708805792756203754e-07 3.683452666858269264e-07
4.976788185200379367e-07 3.719809683951837945e-07 3.879308714655908136e-07
3.760443940593954081e-07 3.345505241564234103e-07 3.572610833145370777e-07
4.773877128793192761e-07 3.664264282798154208e-07 3.872011139179667027e-07
2.842093650643541235e-07 2.869394850522771117e-07 4.067078619034018153e-07
3.341016887655295736e-07 3.444640941923245781e-07 4.566769066543444762e-07
3.450642338798778114e-07 3.489621905657736182e-07 3.973369787240624833e-07
3.747241356775984861e-07 3.888179017620442747e-07 5.221796198613809730e-07
2.956177868668129253e-07 3.022827338863238860e-07 3.582589606004517757e-07
3.944313607642936860e-07 3.935093081442461233e-07 4.831429010736586853e-07
5.555773494171452188e-07 4.527508040097320173e-07 4.530358151616370192e-07
1.834631601718473987e-07 1.869212292612759883e-07 2.602171843066612764e-07
2.247075818796640891e-07 2.146291509389481954e-07 2.699652609345996228e-07
1.767320191723982966e-07 1.763410636455608875e-07 2.800373965262041195e-07
2.451291665468493056e-07 2.404941575281786139e-07 3.099531249585178846e-07
1.747812079830572982e-07 1.695034203796501931e-07 2.128253203488576903e-07
2.097048359634537028e-07 2.100904970351791049e-07 2.753692566626576027e-07
2.482169817043130199e-07 2.492318630306841893e-07 3.198813839845733801e-07
1.852651506153326959e-07 1.930876901777643979e-07 2.417846622559780772e-07
1.556022295686027912e-07 1.681829364877562968e-07 2.207445329687528047e-07
2.413581072673285223e-07 2.359118909917230886e-07 3.104595173751417175e-07
3.401596947135853929e-07 2.898623965256919262e-07 3.033327979641042150e-07
3.341834310910477804e-07 2.528385107196375784e-07 2.647588663320163869e-07
3.765883892678462094e-07 3.314848545859124160e-07 3.586253701981900022e-07
4.724026157027461039e-07 4.049622729434674142e-07 4.274724464135244836e-07
3.675770090854875044e-07 3.096012256227683911e-07 3.205868232160466096e-07
3.814429813787322208e-07 3.321028743576279103e-07 3.471382237901854787e-07
3.801692686153483005e-07 3.393581647972032164e-07 3.397709630310851864e-07
2.720995151008471030e-07 2.460791961436098163e-07 2.478102060282285902e-07
3.831307832770745869e-07 3.251845578674277181e-07 3.337682317973838915e-07
4.032492992830553948e-07 3.609803660398471807e-07 3.753420253794636251e-07
2.766248292698361019e-07 2.203819938088152132e-07 2.294127994920779969e-07
3.312730719876701129e-07 3.063114030760738837e-07 3.139729027869237210e-07
4.056834969401671775e-07 3.072581406505353747e-07 3.265093413622527198e-07
3.616014483252208085e-07 2.685733440392963823e-07 2.630448939474932977e-07
4.157067967043941135e-07 3.525823711406489964e-07 3.644106192611551742e-07
2.990370248134727216e-07 3.065357507375001845e-07 4.690200625082052765e-07
2.098295787731434026e-07 2.080056351333704886e-07 3.071966064934277885e-07
2.202453481382848946e-07 2.069287839494700082e-07 2.864336201942177797e-07
2.330051679948021971e-07 2.350757625735293871e-07 2.965945899704904954e-07
2.830147927281969875e-07 2.785877842814025201e-07 4.078092469896165061e-07
3.303891693872296738e-07 3.376410156467824741e-07 4.320725055475926770e-07
2.792470909725549132e-07 2.939779603248731880e-07 3.500866481775991951e-07
3.309488307449102874e-07 3.347365090589594031e-07 5.337394572438047250e-07
2.756697057724796167e-07 2.657544633083809765e-07 3.928284068974014893e-07
2.921349266568416892e-07 2.950117678947861205e-07 5.918278413402836045e-07
3.169212785404002825e-07 3.163197712590408130e-07 4.354420719603531792e-07
2.337690318457394092e-07 2.316692406685981035e-07 2.880025887403772080e-07
4.454379401289196211e-07 4.245977746436565800e-07 5.051598249998920088e-07
2.628298279229130036e-07 2.521998393692931236e-07 2.904867546257601814e-07
3.424231313379199236e-07 3.537292018490769884e-07 4.367309649782077220e-07
2.581632371522710796e-07 2.632366806069319231e-07 3.104684894986260861e-07
3.175404103745924080e-07 3.280215226969402018e-07 4.197109755135789796e-07
3.062771322341297924e-07 2.998581042033976949e-07 4.772697236319566037e-07
2.506838778880962050e-07 2.493207939135794851e-07 3.638856153722403149e-07
2.676333334966894152e-07 2.623585350471818074e-07 4.606287934607052749e-07
6.233321237936801242e-07 5.357513681838294453e-07 5.707635007309430063e-07
5.994830721495765342e-07 5.232391467582034817e-07 5.513575122681700582e-07
5.803538118862752815e-07 5.182363496126599941e-07 5.266169295027936393e-07
4.837004200281344757e-07 4.707490425602545068e-07 5.707439522282255928e-07
3.870461357215476866e-07 3.761818826664432153e-07 4.695541715054490792e-07
5.422679122552418848e-07 5.642151153856070050e-07 8.386793172929849382e-07
4.497923196381446179e-07 4.493245566227881866e-07 5.437789274969277487e-07
4.860513416357378079e-07 5.112083857636833181e-07 5.695389616624801311e-07
5.364107766092454735e-07 5.423027144021663501e-07 6.452456469754414142e-07
4.873629101208610259e-07 5.003582439530328150e-07 6.180952013613847191e-07
2.367671853366032976e-07 2.430758201090091776e-07 2.962025663247180836e-07
2.413520287408559100e-07 2.617599253172800945e-07 3.208069846090343082e-07
2.707898686446439031e-07 2.893925726974373850e-07 3.538595911863265148e-07
2.007734431138848101e-07 2.036667121133769026e-07 3.403855426821871217e-07
2.064617110839075039e-07 2.066989648465264930e-07 2.811761323735685074e-07
1.657869764222876073e-07 1.753686432493033053e-07 2.637246192789420927e-07
4.541130071954984172e-07 4.626023912610471016e-07 4.921066940744847445e-07
5.637486557989187167e-07 5.315803353964341274e-07 5.450182338473193918e-07
1.627472011014939057e-07 1.699220935693501868e-07 2.276938935442664031e-07
1.932786259993930079e-07 1.889931894792372930e-07 2.718307412462953245e-07
2.333579163450907028e-07 2.270025727146829049e-07 3.140437596365349917e-07
2.410051744489893242e-07 2.449663542712490781e-07 3.095535745868405826e-07
2.844921504455499104e-07 2.786300119208308924e-07 3.493429264217398780e-07
1.436506914817881957e-07 1.506703900284928091e-07 2.077774269769187050e-07
3.264003602476416164e-07 2.733638236000619147e-07 2.865334531361000804e-07
1.680387384102247955e-07 1.709253836827465032e-07 2.401575846994716803e-07
2.337368266068702030e-07 2.343348957582173108e-07 3.350888172726728908e-07
2.380802152402844114e-07 2.551417270613544195e-07 3.255295631044607951e-07
1.722745780743135922e-07 1.710517295704975068e-07 2.915356979152244829e-07
2.012255656185505892e-07 2.009610886617707980e-07 2.609129130742207894e-07
1.712539115515153024e-07 1.806090696236165046e-07 2.394675711365094076e-07
2.208862962021017950e-07 2.242165230834449930e-07 2.522186643316673862e-07
1.460561026864749078e-07 1.425893866141235875e-07 2.134258737025854118e-07
1.560686202903377124e-07 1.548115213450922934e-07 2.188550182554868908e-07
2.141375044513234094e-07 2.194185618759201952e-07 3.223375966595417026e-07
2.596596958551125191e-07 2.663414557018140969e-07 3.219024823157985998e-07
2.066208659947013040e-07 1.999940529569750055e-07 2.705521286125499157e-07
3.753866734246228872e-07 3.612780380449978243e-07 4.593629031756161888e-07
5.185750344861498624e-07 4.895849571264309989e-07 5.096294244495477745e-07
4.735610202722435966e-07 4.381719703858901168e-07 4.746245809874538989e-07
4.541425437108561242e-07 3.435518250323897246e-07 3.642682407118444112e-07
6.230269427568897016e-07 4.210609133585922085e-07 4.632391544784361966e-07
5.268619005250441234e-07 3.897233524810126017e-07 4.113922853430109786e-07
4.030482774341125871e-07 3.728793635825226167e-07 3.802871535702968758e-07
4.405906286998312785e-07 3.582242653697332172e-07 3.602645147048258969e-07
3.385625637272035819e-07 2.890702649994695875e-07 3.074237592059705796e-07
3.872306930143902227e-07 4.072830566717355079e-07 4.947980850799741496e-07
4.219573736896412034e-07 4.213778083110084966e-07 4.649352833397711944e-07
3.003081799119415905e-07 2.994643466280117190e-07 4.186962240802071093e-07
4.085918468287316961e-07 3.647623512667616946e-07 3.848973057044588032e-07
4.005538503384056103e-07 3.752965044108764156e-07 3.771909793054028203e-07
3.985257050871991764e-07 2.981640003731703926e-07 3.017032659645506096e-07
3.123745557997903100e-07 3.068975485657082926e-07 3.920930956916808211e-07
3.861095781466635023e-07 3.777797885328882899e-07 5.226976708185435305e-07
3.456554422497334990e-07 3.542192712958175820e-07 4.463190655807057100e-07
3.449909169633467258e-07 3.535714049599473822e-07 4.915413408140667524e-07
3.805238645278810008e-07 3.846289907077577147e-07 4.766890206097294218e-07
2.901088444353785188e-07 2.954070404304890162e-07 4.017745766712394183e-07
3.840128525788241250e-07 3.837970190462751254e-07 4.806441463841549049e-07
4.239026754079460954e-07 3.730286310355946103e-07 3.946748549476738073e-07
5.803016549250222811e-07 4.869738669322859867e-07 5.054618279821462278e-07
4.620972344227271055e-07 4.080736251557042910e-07 4.046263877382989181e-07
4.209651771208898837e-07 3.522254656087683878e-07 3.620670224337069774e-07
4.909636579079621726e-07 4.123560477908934846e-07 4.295739785783326876e-07
5.560068665624527211e-07 4.789724659088378197e-07 5.238409746183205490e-07
5.747371642232358569e-07 4.933571930461401616e-07 5.234494434722170927e-07
6.230161156151103685e-07 4.420188137908457237e-07 4.562102052690632807e-07
4.757401855120842832e-07 4.184344275525605009e-07 4.278350717355655938e-07
6.243900012602230781e-07 5.024684678800982778e-07 5.336748112311263552e-07
5.251160546219872642e-07 4.551752360871305804e-07 4.717761455303011748e-07
4.227738967929540933e-07 3.148761610787533863e-07 3.251623487667187940e-07
3.782994210344829860e-07 3.360474666641353078e-07 3.505517697572232983e-07
3.824903829738691846e-07 3.468651799120924001e-07 3.493444630995609078e-07
5.019543066307726982e-07 4.426483603613204224e-07 4.498944970824777898e-07
5.838335965025104774e-07 5.277741210037339202e-07 5.383751917823050251e-07
5.166738469352706544e-07 4.939831798604603496e-07 5.119788713938243061e-07
5.695694908122503734e-07 5.081146547993564898e-07 5.243465221903069057e-07
5.166020597759101432e-07 3.451556644828331810e-07 3.502730351940317137e-07
6.135115060226010124e-07 5.227429434516875349e-07 5.342722854021855994e-07
6.420616033017554989e-07 5.863707396017857372e-07 6.381626506203270366e-07
6.397965763979508674e-07 5.703328856780292631e-07 5.906744426417775422e-07
5.837052539499359253e-07 4.678758888818493805e-07 4.950558565757456483e-07
3.557699513335643239e-07 2.938587801662946240e-07 3.191348098851493775e-07
4.810592802952243636e-07 4.165474384236651064e-07 4.334875323555710838e-07
5.031024105582320404e-07 4.639746910259868795e-07 4.690491510525686898e-07
5.769695788304515514e-07 5.305918880492670971e-07 5.399726475643029883e-07
6.222746904799282780e-07 5.889753850857043406e-07 5.900620007929149335e-07
6.487706115369821996e-07 5.409820083744630444e-07 5.650986516807690366e-07
4.936352311036844861e-07 3.880061061877412010e-07 4.006634347558624023e-07
3.707305447504522916e-07 3.086056714013645786e-07 3.338360397796621253e-07
4.860918576494747878e-07 4.593665550905562001e-07 4.808111923972752456e-07
4.546772707080248241e-07 4.125205566745876231e-07 4.213580335239586140e-07
3.789449464153337901e-07 3.276352124121264051e-07 3.331542542774702206e-07
4.536857390943595064e-07 4.029833099941120777e-07 4.283293476074957206e-07
4.829934618900842113e-07 3.789598780790887178e-07 3.947285926213865095e-07
3.967572121592821752e-07 3.404114955288559119e-07 3.600554546756253843e-07
4.706295195302844225e-07 3.944696430341973008e-07 4.049404274765045110e-07
3.679232218764296089e-07 3.007330815650196005e-07 3.074230445133414194e-07
4.518726454919622896e-07 3.839863956959642885e-07 4.071978722463939997e-07
5.813801991280929968e-07 5.170197062890482982e-07 5.356676519051472233e-07
5.031011601944067381e-07 3.993374559134244026e-07 4.159601822066647089e-07
4.693848537718998147e-07 4.505296609262383984e-07 5.118326524309633586e-07
3.581629680010030910e-07 2.978039034715233926e-07 3.185111997792723957e-07
4.057636088640133245e-07 2.957451404079771088e-07 2.942430007448629826e-07
3.308563317104814070e-07 3.484336183792756243e-07 4.946658923065798125e-07
4.524528042538310106e-07 3.884562722390494813e-07 4.090245712758316772e-07
4.301408934864735961e-07 3.969662528032790866e-07 3.775037954336377109e-07
4.328349411941317148e-07 2.956322044828859215e-07 3.030188018881734049e-07
1.586859175740552047e-07 1.670587442378108114e-07 2.126612393156676009e-07
2.083179185443493962e-07 2.147178836587016067e-07 2.734291607231905936e-07
3.983789116378538908e-07 3.225252653010275086e-07 3.439159497808867093e-07
3.386819119233984827e-07 2.756576456633331021e-07 2.836217602290441938e-07
3.554654522335670179e-07 3.158742350552037235e-07 3.261261129842467798e-07
3.797900944820577909e-07 3.212262761340538852e-07 3.336094723266751153e-07
3.139468445287757909e-07 2.848523003379515263e-07 2.749507943069201967e-07
3.950523683601886849e-07 3.291056041213587003e-07 3.528096262036256226e-07
2.847034625292849087e-07 2.411124605339147739e-07 2.431467133384236938e-07
3.838201651531247846e-07 3.000604658035284823e-07 3.292718549512006737e-07
3.905080736245173046e-07 3.497719280410643099e-07 3.548462382203978038e-07
2.805073313751625073e-07 2.854803112916625101e-07 3.402820118538282851e-07
3.152981267716357943e-07 3.316020057244282090e-07 3.795175239298300084e-07
2.829459856436605184e-07 2.858043430414885833e-07 4.002572989566642142e-07
4.218168553444485168e-07 3.769671735434560036e-07 3.921840845037958742e-07
3.573995674152611070e-07 3.250422025848467079e-07 3.304128427925976781e-07
4.032998130412952135e-07 3.016350726201427949e-07 3.456314056413954961e-07
3.294916473500885770e-07 2.829717146848603062e-07 2.958826311606173932e-07
3.614564892948169951e-07 2.969377930176658766e-07 3.097614417403226001e-07
3.190134220852356762e-07 2.669765752536420995e-07 2.763807993511867194e-07
2.480202919130465826e-07 2.353070359186802071e-07 3.181525881354485004e-07
2.976151966621080042e-07 2.906803103445025064e-07 3.665325541177744131e-07
2.870602929908760076e-07 2.936372800357357980e-07 4.374623453843932766e-07
4.065504972436282754e-07 3.443891173243440051e-07 3.670625454747985216e-07
4.464799538860753957e-07 3.651690046476987982e-07 3.774974508822048785e-07
4.278504611623390932e-07 3.912814654070034746e-07 3.979930028797105946e-07
2.638087619638651909e-07 2.470621544230436921e-07 3.996871988043137946e-07
2.923994748732470243e-07 2.947364145075121973e-07 3.908824902084190177e-07
2.772830772340879809e-07 2.771834410229723139e-07 4.352078014406664105e-07
2.670910213795150072e-07 2.873210318180348164e-07 3.821295590495381226e-07
3.546086585035862063e-07 3.543724281080763045e-07 4.212912395125424194e-07
2.681007317577814859e-07 2.754967198893236165e-07 3.521351663685228757e-07
3.421340809674190242e-07 3.369093909103082950e-07 3.925750063772042872e-07
3.923210614881179751e-07 3.940435305671044867e-07 5.204752371261315634e-07
4.144519961842990133e-07 3.894506924965526890e-07 4.618924854419369820e-07
3.696364622066956238e-07 3.215456459037847855e-07 3.499957179423189246e-07
3.386727151187988091e-07 2.503958074282412787e-07 2.624520199319731888e-07
2.978484334043324119e-07 2.388036107150460105e-07 2.262292200648446976e-07
3.955091271823514058e-07 4.087109870865177901e-07 5.248857722119993229e-07
4.021056852928174996e-07 2.983115971896875744e-07 2.959955320697387061e-07
3.764172497678221896e-07 2.930374182376483147e-07 3.220835244867867192e-07
4.006587861048554055e-07 2.833418019261601874e-07 3.082681864063017245e-07
3.202011476966743820e-07 2.756346747901697212e-07 2.592767307583057956e-07
3.419174698354075898e-07 2.809799026771982163e-07 2.901413585486215778e-07
3.717621763373488116e-07 3.151054730286279238e-07 3.154949366508156870e-07
2.239555742027920890e-07 2.262487035589693085e-07 3.486288557757261085e-07
2.521112645654945264e-07 2.674494698024747878e-07 3.253859687258354126e-07
3.368227927162305042e-07 3.474856728796815875e-07 4.158355427403260907e-07
7.410568699129880323e-07 6.542584055827523360e-07 6.822992621415745540e-07
6.676157703894371620e-07 4.789647027164878642e-07 4.654040174991806944e-07
6.613823281416805389e-07 5.010128939030682233e-07 5.143174514350581252e-07
5.237766920382033168e-07 3.701522611352818144e-07 3.708181593950540225e-07
5.410813498531680019e-07 3.804989801451542941e-07 4.243313663094864835e-07
6.361987264943601687e-07 4.466525889698460116e-07 4.793571797560741121e-07
5.651115560898302683e-07 4.532587395304351151e-07 4.678112616361686211e-07
4.530794070435072096e-07 4.381478378851506785e-07 5.588136404254142324e-07
4.348507420457118778e-07 4.371401158220480188e-07 5.168314443035664440e-07
3.674618918082727859e-07 3.806245387248216839e-07 4.374765658459993064e-07
6.936383714078873157e-07 5.270903552299468475e-07 5.805777053260369718e-07
5.081131608218282542e-07 3.452414636019105058e-07 3.394486952151158917e-07
7.051843918021225844e-07 5.750299632016610279e-07 6.010147079462118577e-07
3.926169186992301132e-07 4.091054932237199811e-07 5.565776969698273980e-07
4.438101727261811883e-07 4.293811852354274158e-07 5.202765989017291915e-07
4.142022840346914156e-07 4.334492112100414104e-07 4.950677387850451693e-07
4.236345489793271814e-07 4.230152803123209162e-07 5.934782233079002918e-07
4.417555078805207260e-07 4.514281796742117810e-07 5.383520020010988758e-07
2.874697351943660142e-07 2.847872680505547251e-07 3.637419012725033242e-07
5.770788235460614899e-07 5.555850015302267815e-07 5.842259256910928837e-07
2.652015461418930160e-07 2.492533182175596754e-07 3.262204739535142936e-07
1.587169366422802127e-07 1.837299444238493048e-07 2.655988391126605897e-07
2.162565337194403002e-07 2.277498934778632922e-07 2.662046020820957097e-07
2.168913256793555962e-07 2.264691725425517108e-07 3.080723446963865076e-07
1.946966171562091014e-07 1.920168931078060923e-07 3.749417765263395812e-07
1.972737235633822046e-07 1.996412561033071919e-07 3.627223335209972081e-07
1.763695444139168083e-07 1.734144310012186905e-07 3.032093366619204082e-07
2.956886207935283042e-07 2.944798052559572179e-07 4.800923688256459146e-07
3.415389208095692884e-07 3.462364305165641834e-07 4.521723807749831165e-07
1.935829823063865950e-07 1.791886594256440991e-07 3.616376380501923758e-07
3.762906249169472885e-07 3.821476369051799243e-07 4.926265270695725725e-07
4.971484216058924786e-07 4.983105623766968801e-07 5.732888870030798180e-07
4.194565913009739876e-07 4.265588095817043204e-07 4.979351735699624720e-07
3.559442939200993906e-07 3.598852081919208936e-07 4.663575284370064076e-07
3.478373680677659226e-07 3.623113946069099005e-07 4.002638719130823251e-07
3.760663248520755045e-07 3.708308176231031034e-07 4.958573427037094016e-07
9.023618547557441206e-07 8.436020795790829495e-07 8.851189218081314016e-07
6.941244914868838124e-07 6.093793612784325736e-07 6.555274143961058890e-07
6.778055751343808191e-07 6.485842660105112734e-07 6.771396360722031434e-07
5.076297955288263834e-07 4.575588453455088897e-07 4.804110051753613282e-07
5.605005658638192421e-07 4.761466532295389081e-07 5.108673890560286084e-07
4.820652942449033807e-07 3.426775503768977938e-07 3.432863414498872170e-07
5.405786952960931432e-07 4.016506226913928995e-07 4.303697353889963870e-07
5.493376564230334414e-07 5.284161458547356613e-07 6.320569880936978210e-07
5.178965017914726268e-07 3.814588561425191781e-07 3.923285055523410758e-07
3.420309332756535807e-07 2.873427480628091804e-07 3.148379662343353829e-07
4.699484214091990086e-07 4.074927266408816915e-07 4.110075279153113218e-07
4.006738830289065916e-07 3.628215312003743893e-07 3.953018290056741844e-07
3.587629393935733146e-07 3.621275655911885866e-07 4.341007430551323138e-07
4.048717793733654988e-07 4.120822636413175211e-07 4.818383912469858262e-07
5.203503477259213299e-07 4.746220145639564928e-07 4.953805307846768663e-07
4.902741848453591497e-07 4.240205357970055829e-07 4.314869814399120817e-07
3.647782713072105809e-07 3.448837744071927000e-07 3.511605374193424193e-07
4.116132903514672037e-07 3.526077718073951866e-07 3.596539993460180101e-07
4.266545177666056861e-07 4.068209692084928790e-07 4.780671901605106421e-07
4.872958062958227719e-07 3.662238212950107197e-07 3.858751677904011744e-07
5.286879265636045515e-07 3.790061798085167842e-07 3.938273380301872006e-07
4.755496483833620168e-07 4.783900674867824389e-07 5.858335049957787661e-07
3.003853553544084750e-07 3.087427268790685135e-07 3.818039767522973028e-07
2.463695680445354801e-07 2.541636843197893125e-07 3.222732438823694128e-07
1.677889912517968903e-07 1.715449091704031032e-07 2.543998099878524894e-07
2.287105424988666935e-07 2.353486757570218108e-07 2.988269198588698922e-07
1.783252553292530114e-07 1.798239686539402982e-07 2.230454873708661922e-07
1.712321927894021119e-07 1.786880034921232068e-07 2.496288855192469970e-07
1.535750211038066874e-07 1.586210083405623059e-07 2.013382795385927078e-07
2.459876883474103237e-07 2.410958687893467756e-07 3.241148185833774939e-07
2.029269167188859027e-07 1.979829552107399996e-07 2.752575548163446911e-07
1.548067947202799046e-07 1.627737308997309951e-07 2.345285230418415073e-07
1.847061746444224898e-07 1.917396948034664132e-07 3.010318662663628863e-07
1.992105062382405938e-07 2.018442017930663923e-07 3.649821354048940230e-07
1.723248730522188057e-07 1.851402960660208884e-07 2.353446525223759941e-07
2.147611254491737931e-07 2.203486537952927025e-07 3.618601321708710976e-07
1.320267321155446930e-07 1.318246906162747999e-07 1.898797205861229969e-07
1.915812827735988872e-07 1.896750301068152080e-07 2.649464652118702982e-07
3.215865838552817800e-07 3.079162419871195871e-07 3.732085818930611203e-07
4.054467378655393893e-07 4.140637674092924045e-07 5.250844326223238123e-07
3.415620635604911924e-07 3.524269434164447162e-07 4.056620279921873838e-07
4.204986146292294246e-07 4.247764031793977112e-07 5.044710427002429695e-07
3.582673347417632245e-07 3.628321282311458851e-07 4.358052383744478221e-07
3.653526765846949240e-07 3.695679914606805849e-07 4.586503870691244746e-07
5.745440965396502398e-07 5.052993903692000251e-07 5.344216298861344467e-07
5.874431210419246537e-07 5.499119921623082467e-07 5.909875603131298857e-07
4.912993561501126135e-07 4.492962289286660207e-07 4.507507715512590746e-07
6.615836522994900300e-07 5.850580137591289973e-07 6.021602451924689959e-07
4.872954096925551530e-07 3.482983316673776787e-07 3.706008142250461038e-07
4.320289154582706784e-07 3.513411800976519010e-07 3.468487702004962958e-07
4.404646689426514862e-07 3.761148978054496913e-07 3.885105924719810051e-07
5.461080879185214230e-07 4.818723321025756918e-07 4.985242567636992783e-07
4.303520074466285750e-07 3.738379940654640996e-07 3.861130919635070156e-07
5.195018193485688749e-07 4.123390554450867085e-07 4.237607427465437864e-07
4.168814346045568739e-07 2.770540938432897833e-07 2.846987329142080146e-07
4.686902568453972991e-07 4.252437502585025035e-07 4.505348429132826100e-07
5.378358257498150582e-07 4.733675357970061901e-07 4.797274527729655178e-07
4.194723855481025853e-07 3.148108571753801138e-07 3.237279495346118053e-07
3.843724438354210930e-07 2.896745559833949073e-07 3.023495336663106900e-07
3.911447058785517991e-07 3.138003833801557226e-07 2.966085966462528889e-07
4.461347167518493070e-07 3.400246305086716177e-07 3.612760285755845179e-07
4.781764997528850400e-07 4.245187501726252196e-07 4.413586393899929899e-07
3.944276822179677041e-07 3.479047033013742155e-07 3.617017704872386875e-07
5.639589008508582628e-07 4.593086659118623901e-07 4.923983640216583511e-07
5.029063206923020900e-07 4.713883177232403763e-07 4.899542949427005298e-07
3.628804926207401170e-07 2.740285114868730801e-07 2.912991731530404163e-07
3.607123393676059131e-07 2.603378864208973104e-07 2.736168365701819175e-07
4.444180095544130103e-07 4.061517183229197230e-07 4.185122421694130879e-07
4.988204637467792935e-07 4.694094076493143201e-07 4.853674001264235349e-07
4.108872555456486096e-07 3.182253753654312053e-07 3.444633724577480975e-07
4.264642323218408828e-07 3.700155453021893933e-07 3.835009706750262159e-07
4.818443372494858137e-07 3.967446042360683103e-07 4.247553311059803955e-07
3.645694669850452763e-07 3.181524421241664978e-07 3.237334729672081780e-07
5.773499291819045859e-07 4.968308990124178352e-07 4.863034821516841573e-07
3.688665948006843894e-07 3.279633085546503183e-07 3.610588491811837212e-07
3.231982979982870900e-07 2.821737634122222256e-07 2.855013205888120741e-07
3.225917876299567226e-07 2.748233798480825240e-07 2.862092286935729958e-07
2.203207958277205982e-07 2.140342639621098083e-07 3.228877943262238801e-07
2.501990489830933762e-07 2.550975940707949164e-07 3.152315970388644861e-07
2.001763002886706895e-07 2.063465715413044984e-07 2.879893103644949119e-07
2.525702903498923013e-07 2.582984635050403904e-07 3.452901212505619865e-07
1.953464659041665110e-07 1.742226016344104916e-07 2.518669210855503204e-07
1.981978383633332015e-07 2.041937432541333126e-07 2.628509384843858121e-07
2.587462127631465970e-07 2.614307080359136739e-07 3.222863717343386818e-07
2.327794590340916933e-07 2.446979062091909213e-07 3.553377270056788969e-07
2.560583720184399090e-07 2.673410904812095226e-07 3.264007006817756108e-07
2.192050371532937050e-07 2.192616053567828949e-07 2.737748520563429050e-07
2.175047093951593898e-07 2.288770552463569979e-07 2.926277929694404096e-07
2.692933857157856107e-07 2.851134973777555945e-07 3.995414306112953025e-07
2.011473623769248018e-07 1.964725428118155885e-07 2.447521950715980931e-07
2.387339628185165176e-07 2.235098020435857916e-07 3.512414793004168897e-07
2.010004577386478058e-07 2.064642107632715887e-07 3.196816866410681934e-07
2.066438051149920958e-07 2.021089078165902988e-07 3.484113805740341862e-07
4.242985710158583746e-07 4.215771828892964921e-07 5.200134099331949788e-07
4.342472253544551837e-07 4.264343185240429072e-07 4.877934664446139754e-07
3.337675680221730157e-07 3.337501125035218226e-07 4.052779844561104927e-07
4.239722574615897961e-07 4.270093627786480849e-07 5.054000521512611743e-07
4.401613393967333766e-07 4.352822318453505914e-07 5.346279620956838419e-07
4.074693844292602808e-07 3.464960766429380746e-07 3.704608512579950786e-07
3.569260490339243264e-07 2.653301130039344090e-07 2.800836124223292814e-07
2.723953634208776929e-07 2.758965547092658133e-07 3.458201768659037946e-07
3.178065672367587840e-07 2.773881809383077749e-07 2.741313283852785808e-07
3.613677487709374092e-07 2.952110233397756859e-07 2.973258067149316039e-07
3.844783514065714864e-07 3.057733082103223043e-07 3.161532303299590899e-07
4.180005564573002928e-07 3.562056266006051755e-07 3.867508047646731781e-07
2.978456367450128932e-07 3.055519749689614808e-07 3.451842654825958943e-07
5.106100743371923231e-07 3.623918753717678195e-07 3.661451648725849799e-07
4.904413714672774117e-07 3.362903799954874893e-07 3.543624495030230040e-07
5.529512495186059963e-07 4.369420193366440983e-07 4.630699823557188093e-07
5.848083889864447593e-07 4.014601980537479197e-07 3.966858770452853061e-07
3.772702450336722907e-07 3.729231080802057929e-07 4.317246477256604047e-07
5.505663055592844494e-07 4.212051370029938241e-07 4.635117814871518897e-07
4.824198454514886993e-07 3.713660212347892099e-07 3.842662210660337776e-07
4.439074090020944813e-07 4.284396071403282072e-07 4.845067974590994445e-07
3.609528679953899046e-07 3.606948170615166010e-07 4.736613532853402061e-07
4.343042624811038812e-07 4.414906322168084931e-07 5.211642684946613782e-07
3.394262164903580148e-07 3.284323358567713214e-07 4.320809071878119766e-07
3.066575172951123804e-07 2.263649609959397938e-07 2.163790758679304037e-07
2.721529095930228832e-07 2.238103275976783974e-07 2.294251381711282921e-07
2.531070952256148141e-07 2.459907907348736104e-07 2.587078261785683827e-07
3.004500513120642954e-07 2.371986547439753957e-07 2.497633449949480229e-07
4.384128133336604190e-07 4.088912906418560753e-07 4.048204772013625264e-07
3.092922740201751890e-07 3.000042919857892138e-07 3.017298762207966767e-07
4.440934432634004035e-07 3.478529511409959851e-07 3.765251797857137233e-07
3.465335897674976811e-07 3.220490153834703198e-07 3.131028081601173243e-07
3.739334475937649849e-07 2.628715847368853116e-07 2.595974887406041195e-07
2.439642781859773888e-07 1.918179972069980108e-07 1.936007502508498999e-07
3.869701067942005817e-07 4.051772152269272087e-07 4.665350594677367987e-07
3.491247218198243083e-07 2.722647578588761901e-07 2.608556776866348804e-07
5.007085337528116100e-07 4.031013180759197943e-07 4.170925432296044249e-07
3.022424387521054237e-07 2.360467581024737994e-07 2.361561312103860030e-07
3.385513610263573206e-07 2.785140846879202056e-07 2.766895152826120257e-07
3.473315356127788755e-07 2.766664173816857263e-07 2.864434802878915039e-07
3.063651696228087760e-07 2.612534414484494990e-07 2.576703971979542083e-07
3.425043164303744121e-07 3.022856615476095786e-07 2.945239703775510871e-07
3.914551950850475868e-07 3.595643742991831109e-07 3.549424432481153743e-07
3.146034731212238846e-07 2.673966277106373153e-07 2.799534875294386967e-07
3.228362567448332030e-07 2.873376787572149749e-07 3.071971794199642113e-07
4.951930380810461090e-07 4.170465253406265040e-07 4.231628060778563037e-07
3.109656133646813061e-07 3.176175421395606807e-07 2.978029874874836233e-07
4.141947890991736215e-07 3.335921193582107845e-07 3.835231649670891987e-07
4.653647874943251259e-07 3.542915983341990774e-07 3.744858382184809822e-07
3.503810138403780874e-07 3.397424406766867935e-07 3.289362091413912844e-07
4.537534249701059109e-07 4.095845166584327128e-07 4.282847061793305785e-07
3.857476135164415929e-07 3.579549338994788980e-07 3.759526983142906962e-07
4.074079133677493792e-07 3.591577037586294159e-07 3.834415185778987088e-07
4.417862074051101228e-07 3.875305795850711860e-07 4.055388045984285850e-07
3.770941166328536245e-07 3.293256892107749147e-07 3.503216344219059738e-07
3.081727470673996804e-07 3.023341493631500737e-07 4.814032958689491283e-07
3.288189451282983205e-07 3.267045749647602064e-07 4.511630317185741089e-07
3.197873191895959862e-07 3.390709081485570750e-07 3.958720847215922909e-07
2.710503157143619249e-07 2.782673516729388135e-07 4.199554164169953831e-07
2.317341990985454902e-07 2.481774304347070866e-07 3.002663944354826901e-07
3.560501052268033144e-07 3.432176159189716172e-07 4.585822649084509105e-07
2.754425979957695844e-07 2.787243817911199920e-07 3.430931784958273828e-07
4.475119146401657133e-07 3.591162647343033995e-07 3.570678547254718125e-07
4.065214238722458791e-07 3.101837208196477204e-07 3.339285452377724078e-07
4.976299021286420221e-07 2.916541882155916888e-07 2.992383808461199760e-07
3.805257487154764101e-07 2.753631386899450224e-07 3.015538495309847149e-07
4.475128126484053074e-07 2.987776273455029928e-07 3.061066893510734906e-07
5.200919956724560466e-07 3.590554707301316197e-07 3.805049924548861823e-07
4.648529866972764260e-07 3.136403276188761159e-07 3.183592373908300925e-07
4.737044478210486215e-07 3.616808724559979969e-07 3.731496784856156084e-07
6.567765792798133771e-07 4.653425056837571204e-07 4.932271333633564410e-07
4.802340452355765008e-07 3.719774039666387927e-07 3.846115033750569778e-07
5.304104228728406036e-07 3.917120383579350927e-07 4.262763021618035244e-07
3.984561744866467132e-07 3.147559103503232257e-07 3.163286566661188025e-07
5.867141526440520008e-07 4.351995102547840185e-07 4.724463938302123191e-07
4.469839211484515027e-07 2.988838105108299968e-07 3.061748848489128076e-07
5.487622156039693121e-07 4.114552705601678234e-07 4.359889260648564097e-07
4.753470425805934876e-07 3.234324495122509254e-07 3.293538784097443067e-07
4.901242995062741615e-07 3.799134222400718921e-07 4.048372706345956157e-07
5.179021635625075492e-07 3.698085040624579070e-07 3.788338235774241163e-07
5.443003083235581973e-07 3.894163354407812769e-07 4.172350831707130851e-07
5.146027188067123014e-07 3.381739577560776204e-07 3.598070474038703109e-07
2.911734578956622994e-07 2.905797677114480133e-07 3.915951881104509794e-07
3.852433902641195795e-07 4.018401442697925899e-07 5.260937203787052701e-07
4.733286985915336172e-07 4.820985482754215866e-07 5.576306723424179925e-07
3.288565872610955256e-07 3.242602155710238258e-07 4.415277187141177987e-07
3.800513269714570159e-07 3.882410955845807838e-07 4.670895221302519046e-07
2.971474411660997915e-07 3.023879236012014134e-07 3.872130109905067737e-07
3.276242858597177926e-07 3.278287733513640770e-07 3.958034902293518966e-07
5.038529916104681851e-07 3.499859831538941994e-07 3.597404771191025737e-07
5.235322974978378951e-07 4.301593506041690200e-07 4.499092534200394829e-07
5.213426833202533371e-07 3.887135407497798748e-07 4.187708385409397044e-07
5.821348393894732296e-07 3.604238199619058918e-07 3.707579454954170004e-07
4.513255383850416093e-07 3.697554984179938961e-07 3.850693379252500046e-07
5.535400398403724639e-07 4.498010003170684060e-07 4.660860722953033780e-07
4.963081383817581701e-07 3.703222478077756121e-07 3.829880453826124246e-07
5.186759727255108073e-07 3.990654992111715777e-07 4.218264094945607891e-07
5.106044354703932096e-07 3.789696807488770904e-07 3.965871195458970225e-07
4.151476788322432253e-07 3.160285011448513891e-07 3.297505202441247736e-07
4.393435406419027884e-07 4.291470677460081245e-07 5.868267615006293185e-07
3.755756681711768760e-07 3.828964949374215882e-07 4.843780903036006497e-07
3.776752626545841991e-07 3.756044388715393113e-07 4.694346571555620950e-07
5.169848191385539159e-07 5.278536722405150428e-07 6.803100742497181099e-07
2.371425928225832059e-07 2.563293585363694990e-07 3.125022476429032189e-07
3.560788410946416124e-07 3.747918911192863929e-07 4.369522950382160806e-07
3.766814336021203774e-07 3.821850483557166142e-07 4.736043851250433751e-07
3.707753509632401060e-07 3.678738352762144922e-07 4.871072104938235596e-07
2.921547279551465123e-07 2.843797162718516095e-07 4.132170874961386018e-07
4.389085129966351185e-07 4.465517032818111126e-07 5.218186167094680259e-07
3.718072505565299970e-07 3.824556665828905928e-07 5.190749399618783045e-07
4.100247820787754907e-07 4.178162146936927160e-07 4.729094224944291044e-07
3.180668716985378217e-07 3.230699669679021959e-07 4.225884302349755125e-07
4.309313519184283869e-07 4.285367353190439190e-07 5.182913237451167245e-07
4.825533553609903384e-07 4.616306400993905058e-07 4.791937393742863386e-07
5.312900082817953321e-07 3.746095334265910882e-07 3.910116392005947876e-07
5.516398940856442633e-07 4.051530895663025979e-07 4.139658873905450838e-07
6.289824687293697649e-07 4.973655237578279620e-07 5.086308230404101321e-07
5.136153264882972904e-07 3.640340659531161874e-07 3.801773041772550060e-07
4.595609251284073765e-07 3.564434248516410848e-07 3.597467415828525945e-07
5.036837130410567889e-07 3.741325829103323794e-07 3.924391543903597797e-07
6.075299094878860827e-07 5.162200069318371131e-07 5.291050167647179981e-07
5.124091025661108096e-07 3.211244704646595853e-07 3.275272140239317254e-07
6.009291676241119453e-07 3.355176244043403753e-07 3.500313137695449075e-07
4.769603399610269221e-07 3.160571389663699171e-07 3.205884188542479931e-07
4.824857295406830932e-07 3.260854874918358923e-07 3.351136261609332016e-07
4.446505197488108259e-07 3.520003930878800107e-07 3.688183380474758752e-07
5.745727830988959932e-07 3.716636575101088754e-07 3.882329863056103958e-07
4.239202863976143967e-07 3.516435302888788242e-07 3.741077935275979176e-07
4.219211215134906944e-07 3.598067317064851846e-07 3.567119682193208791e-07
4.371125283162027855e-07 3.703892988232692968e-07 3.909152112453580763e-07
4.133397933560847739e-07 3.693122789042594141e-07 3.973433318559568061e-07
4.833832326254279020e-07 4.099154841230935116e-07 4.400780155547683116e-07
3.848439812048075759e-07 3.388235760475800783e-07 3.685507734521315756e-07
3.589352375613161780e-07 3.512836328711623741e-07 4.722525127665466228e-07
5.446962819208971943e-07 4.706454159896072138e-07 4.876251888561058291e-07
6.470033495894031999e-07 4.941392819022820895e-07 5.010760787674720935e-07
5.239925248705706887e-07 3.238779828561870947e-07 3.347768537189302818e-07
5.392681844478332685e-07 3.505209663127462180e-07 3.757323836530597078e-07
5.408307874021595460e-07 4.488373821758616888e-07 4.704730994233039961e-07
5.236828214886307591e-07 3.606217817953148206e-07 3.664655258498307945e-07
5.439583875259372959e-07 3.625410188246253816e-07 3.553522127577187155e-07
4.271321668879272838e-07 3.687039046409895224e-07 3.832536672858312763e-07
5.175180387571765369e-07 4.631104388209558962e-07 5.025966886367822342e-07
4.492065769587123925e-07 3.509869038197038895e-07 3.591088284740581102e-07
3.654642280014118742e-07 3.374394759491310007e-07 3.662595458681273922e-07
5.048832193295106749e-07 4.619006826431736227e-07 4.775914820499720914e-07
4.381944168732365068e-07 3.432172227898382189e-07 3.685862390859955056e-07
4.630117802756331103e-07 4.663075428656549950e-07 5.013361652697906607e-07
3.999600447819873187e-07 3.272876844856979869e-07 3.404370731163847818e-07
5.240913764322784389e-07 4.652005831052407803e-07 4.749380986654341910e-07
3.827148224225008140e-07 3.369929252203352111e-07 3.753327106629350976e-07
4.139408101560430959e-07 3.795500585075683794e-07 4.081795839095681877e-07
4.769531749234595839e-07 4.184084034116112962e-07 4.421147379639757032e-07
4.751571007572057813e-07 4.247950972256999170e-07 4.617541067655972218e-07
2.743398924190685833e-07 2.805901208501687808e-07 3.778223861849375777e-07
2.924899407901887130e-07 2.850596100387637226e-07 3.645182554663514135e-07
4.276316552352576239e-07 3.478281586977837834e-07 3.763473622992006950e-07
4.276304558497019823e-07 3.103016314985164829e-07 3.148440130552021737e-07
3.067548375218801207e-07 2.368021310430860023e-07 2.575848545407268148e-07
3.243884351883214133e-07 2.435853119993641038e-07 2.717831389791055175e-07
3.487387509766620257e-07 2.966669904692440856e-07 3.147453107358122967e-07
3.680145259420603835e-07 3.095250302211601075e-07 3.232859512501242846e-07
4.034117152014483747e-07 3.430324820821622742e-07 3.564956278999959736e-07
3.436878984054146127e-07 2.760102641393974820e-07 2.966704105020459840e-07
5.050385059768352982e-07 4.026208350628756787e-07 4.126485818814606214e-07
3.876540734699038211e-07 3.028052860806881956e-07 3.178344789430048764e-07
4.189476666271161220e-07 3.690537039485523061e-07 3.736735066796365749e-07
3.790314920577683211e-07 3.195725416950320923e-07 3.097723521487218951e-07
2.826116982286890815e-07 2.836643601118176933e-07 3.770531473286361165e-07
2.707191746074672007e-07 2.748864387459901136e-07 3.285499400184976193e-07
2.480573045936342796e-07 2.413538935491498967e-07 4.663749694856184798e-07
3.363840148699894998e-07 2.615701748068776843e-07 2.829326570221222867e-07
3.345064822662362122e-07 2.813265725165768049e-07 2.854646252969906741e-07
3.476534149729671746e-07 3.018599756376848829e-07 2.993310940683822062e-07
3.176060792601315082e-07 2.841806416274952854e-07 2.760287094505505818e-07
2.904356678751667799e-07 2.657380076104335825e-07 3.712991117914943211e-07
2.256650443634874110e-07 2.303698926968766071e-07 2.916107403602752861e-07
2.583022982801692248e-07 2.534907649671078026e-07 3.908378211653016111e-07
2.942342042360038783e-07 2.939949879022792806e-07 3.690880049647881994e-07
3.285477558507046990e-07 3.234639889265883198e-07 3.580097419924385152e-07
2.825281992647248028e-07 2.774088463614500186e-07 4.421948480430966935e-07
2.755978351488133004e-07 2.742882636383220192e-07 3.454301459790701769e-07
2.390249459360844032e-07 2.247391644546286002e-07 3.085324344394763865e-07
2.771537183810838858e-07 2.716712795751390017e-07 4.185191707544779995e-07
4.068182182089756082e-07 3.991983996276051881e-07 4.965931406958934010e-07
3.727947988320365259e-07 3.295821012085779079e-07 3.459125573401597128e-07
