0.026801642222409702
0.01427687755334754
0.027555870659125382
0.02508725186834791
0.03767699696319917
0.01874622423186869
0.024710783017518567
0.028495275815035484
0.030410660035211406
0.020922222664899917
0.03284432589990643
0.012224043532424322
0.01589677964591701
0.018634575610384733
0.012791424242145182
0.012642305459723759
0.017326999505641753
0.015024700347256646
0.032942780449472506
0.01431004615173077
0.008590859360231028
0.0274744852198998
0.033054805737576326
0.025281916054987325
0.027464322055988078
0.022775574066327048
0.010787755891531171
0.02194324812187253
0.04014352551095208
0.017597953969303026
0.01856303375926307
0.024892674228872508
0.008701380602997104
0.03028758763730644
0.030259293757524456
0.04095815804113664
0.02948609564618135
0.03780535040819877
0.02195586120374943
0.014287951131709073
0.021512992341964823
0.027280887217507165
0.018479052029511975
0.012658886834024184
0.01992542768564058
0.018214761402267934
0.0144772502473064
0.005294667306271721
0.013034358498147276
0.01448276013114404
0.011466860303421004
0.03167203744248691
0.02188871923216434
0.004566734520354152
0.030697014218368048
0.010885473635901569
0.003696268992873435
0.018646852241765533
0.03369544909130318
0.013317904456408897
0.015042225203114008
0.018010519122353814
0.01617752485456954
0.018885929047860534
0.011470482650477289
0.003918318956482187
0.02938720776032519
0.011254893070599327
0.033192989684046666
0.027567710495209646
0.025478313049470912
0.029001987692341646
0.02955933551859418
0.030288996530505406
0.010434794144669121
0.020708193802712698
0.02065675683117761
0.018084246936053365
0.02819333569383961
0.028606136915066586
0.024401590282022798
0.01569636395120595
0.022752887824642017
0.013421573295635147
0.018132440901825597
0.014330956734320256
0.02829073811120129
0.017349425930261165
0.016312546055666358
0.024161238428231504
0.017554675194564662
0.007293437701382876
0.017066229800087828
0.020611539722371796
0.024672896025154736
0.029875042301949088
0.02781417033701477
0.016958558028774745
0.017168189795087132
0.032623785719239476
0.026317741647790775
0.02873682823503435
0.014509069519481482
0.013922119463945063
0.017525969268677367
0.023212356938954907
0.029957570230624724
0.01938382581717312
0.003478119436656017
0.02248662860275424
0.026989126089243917
0.03722943316094131
0.009096848312419964
0.0246674140856094
0.001718519151320408
0.03570548508914565
0.019594687141740997
0.03432154960120554
0.006888896816064461
0.05420202807937801
0.01136426236162695
0.015060621041979262
0.01980381352495225
0.01767177927406242
0.025671062833984497
0.02964754306626791
0.010226622377190811
0.034118919494321734
0.012227050715164741
0.05897206789671308
0.02993043084882273
0.017805614515758607
0.012627013420662912
0.015486344764505364
0.010275701307018357
0.01810363858845725
0.026322181730791816
0.021292048568890137
0.01623667402139591
0.03007494804787819
0.03520013132119116
0.02270736645089263
0.015483483188210854
0.015073962108054527
0.028184618000726913
0.015069602392798741
0.037563665659295004
0.02183920267262992
0.0251372636818232
0.0055624423860455244
0.016106656949392693
0.015378318168981718
0.01552794483858198
0.021440579312185917
0.026485771870484422
0.022143417027248376
0.03018652277181558
0.023063048711619294
0.017471745312039016
0.012932377487180681
0.028051923337173712
0.01102553808478274
0.010053247810714903
0.018879122199018095
0.021292591025867124
0.019953526048559416
0.025604853385403685
0.021272569139795482
0.017381534627604302
0.019666709228372506
0.024069287036907992
0.01908583878868692
0.026649518733992645
0.017541995908586537
0.06371875377275056
0.02206756781909422
0.010571873192253292
0.024863431772449804
0.016762783188701166
0.03745527040819886
0.01441433030555703
0.004381047501487207
0.026576659114655097
0.00931959179305332
0.014913325114149608
0.022807876394374947
0.04508255712331685
0.016305482462829236
0.029314886011937127
0.022024036694502123
0.03435546883716397
0.024872690956217205
0.006583223098555271
0.029210938239389035
0.05542435455282423
0.012508985102905854
0.01123466604756595
0.030409932357112073
0.0008023944798579537
0.03526095119012426
0.04600791589423305
0.023225739467262325
0.024149253141584788
0.03433194562222006
0.036352687068754067
0.022368218766286894
0.008595846060525391
0.02941782873685754
0.03948503605303612
0.0028449501157493673
0.017191787938829816
0.011123373140781793
0.019260650755943493
0.053607064536704746
0.022863873651920708
0.026228735729435314
0.016994266497027663
0.0183417317716215
0.019428925113673733
0.0190851352018494
0.03942920708981969
0.007936139299065764
0.023215969210957442
0.051373190283284756
0.028791315587960165
0.008442914168034827
0.01787240896379443
0.012670526582934523
0.04258238302307332
0.013856756767008854
0.05939031273814841
0.025493716943062204
0.014687586547547548
0.021546547662921453
0.021826313337524186
0.006676260259963264
0.02725417435453014
0.04659666078614391
0.04752729549805997
0.03566299430992693
0.017057353507281006
0.055055964805350195
0.04572644753128388
0.045266793688379145
0.00972120373786094
0.029295543364940294
0.030266629872483443
0.05593500798036172
0.009173248589393126
0.03586811777990763
0.01414970264416368
0.018395776679218434
0.003655853001582255
0.007246312219928481
0.042072432059309106
0.031115244029102266
0.026178768867379618
0.016423536810922443
0.02653227171536281
0.023900162028229602
0.033361027526017294
0.02155810255881301
0.0155375606488775
0.02422121716737809
0.04580407707079477
0.004033145106698961
0.018932624271318324
0.017188546605562093
0.039908677313283764
0.04572383348146091
0.021032716700851765
0.044133873592565494
0.028904809841898128
0.019049592941844058
0.022230455135977663
0.04694753356751418
0.030923809026621153
0.02125717786439191
0.017250452392118684
0.05038753014475115
0.015386558515307071
0.023528089708184454
0.04406546580553745
0.03428586927666477
0.03173883123456067
0.02517337436172747
0.04274390295879403
0.04332531506921003
0.03738517323286765
0.04694401548643988
0.013419310002918652
0.015484123214269742
0.02076958749157653
0.006929275642459041
0.03994323942178393
0.04715592337042653
0.031119432363366645
0.021571463126495154
0.014348535154786216
0.02281030849262983
0.017238569267683697
0.005076237454122512
0.02882936994382326
0.03865057351725333
0.03178972563389231
0.019551721009423914
0.05647638848156228
0.025817724725231736
0.03173329483876297
0.02558804325220939
0.03218407186362745
0.03371629806417412
0.05674640574739891
0.025361143892904052
0.007304893773198731
0.01627541469371397
0.03165771896524436
0.019544200152596627
0.033152395583855715
0.031687030020506705
0.017487522780475315
0.022275952370036083
0.03414819867983239
0.018330781300748864
0.04647649936880065
0.03539215155436368
0.02960429806520384
0.03345972695526756
0.04815467710527175
0.02813537803949492
0.03679792907893294
0.015719317596317176
0.03238618372214782
0.05012719370160436
0.011198778478153244
0.001129725748414609
0.02463979990409361
0.010870886737380717
0.05798358351637916
0.0203366269034888
0.033931026245660655
0.009509151191525749
0.029419301483912735
0.037987959951868044
0.007969659486297175
0.019526123228220005
0.015577481904242609
0.014270932999582035
0.04522474107113489
0.039330675713605566
0.018509154300650504
0.03340506191962366
0.03220873208774875
0.043087676636693335
0.013112740251111022
0.012897018341128472
0.026535311656897324
0.013165181154748478
0.04108623617892592
0.04168118718846564
0.030210645139049044
0.03491803541985482
0.0394731808326807
0.0268305854736274
0.014128657205359642
0.018809896435608944
0.03918314220196151
0.01573351244446649
0.02053927049222123
0.01680722719809532
0.033985761263531054
0.025827904224890872
0.06410407632085896
0.044080644650551955
0.03350161592572086
0.02297958537583276
0.015618035115583401
0.009784931204416668
0.03193794686241803
0.030761999003168696
0.0337534755625792
0.014967297352740458
0.01696937550273732
0.028267954639601595
0.0199656870393252
0.011230165526708068
0.011588618392911258
0.022100795882386583
0.02251107871241379
0.015529101115481945
0.03787589467553129
0.010691129415403679
0.03424944556769665
0.03431966650146574
0.0140055717577874
0.041847985487252916
0.018886091959609302
0.013893402851720395
0.013724588977536043
0.032702670483893206
0.02027201546478444
0.026218271010277794
0.04227321038886996
0.023041578151783423
0.018443960966473043
0.025304121324857196
0.042462188772843065
0.017248109097489944
0.029416859364409954
0.02215182531817087
0.005713084697940827
0.014246711073514462
0.02318200137048725
0.005184429370704353
0.02707351312023467
0.05045737937409568
0.012372737237095276
0.031172680075853713
0.020281790566466798
0.018284763085870716
0.010342383800823812
0.04475152423723977
0.02036721115091414
0.05117999696942871
0.01094270469857008
0.01637535535382705
0.02279215817400743
0.02593755499637354
0.0071484966490839
