0.0803202064365063
0.07173752649894549
0.05396976100137987
0.036040036742378635
0.04906336738391754
0.06463830158074232
0.04465562582851667
0.16926259087136192
0.11185056293766793
0.09998254446393273
0.07427465079825171
0.21896444301540682
0.13487568135968392
0.16814772868751815
0.09242824018487487
0.07183248189172228
0.0982745412125223
0.06190343527836053
0.09614568618956722
0.03618156139110258
0.04369290126503794
0.04842725815555203
0.18323331120331277
0.09442662122825624
0.0698220774706532
0.22159364959322084
0.1612289386260034
0.07585007985183653
0.1154347632053873
0.14180520586632828
0.113916359921062
0.24903481082530182
0.18433324600883932
0.06428626265477166
0.04058828419964488
0.09807518903747818
0.03515587376444201
0.10452464774988665
0.11643293880387838
0.07239729024013913
0.0686551788494236
0.11421664215093714
0.06732701020967867
0.0740503807349204
0.06867500822746071
0.06832922285062656
0.07224131319298319
0.08634275679512861
0.09671014575427067
0.09873311576765019
0.12855646807246476
0.07553304703001822
0.04784599217482302
0.03344100858870726
0.03733656054520298
0.05110800835366965
0.043495407284546886
0.09231839324885371
0.09104321784410756
0.10100635150382645
0.048082729406728336
0.142775496729628
0.1485774059082215
0.20787331859822145
0.23314276529184735
0.15604984994734886
0.12051357159822874
0.11839915339301595
0.12021101250370785
0.13371312113256217
0.41491763616820615
0.05871062746406145
0.08507324191461722
0.1670049699606914
0.06697834137994806
0.058961267826465366
0.12079430560041336
0.10444735123516065
0.12421820714708565
0.10508497396795156
0.08481534332350496
0.12321220419792231
0.10709460005756505
0.06879661655827414
0.07648065472913566
0.13388298808158355
0.04223368629028544
0.0512905200365479
0.09320806385247007
0.04761806797634623
0.0998628553685921
0.10089161398521472
0.10378978401170257
0.06904784231603817
0.15659391914219156
0.19047623917382492
0.17544990308660152
0.16394622522888064
0.06727711557190706
0.10754488791070672
0.1104002762807178
0.07864201941455673
0.053525180259655296
0.05865483697752396
0.07950964676848651
0.07262797066226087
0.060326209839640356
0.12078812142669663
0.06267923193674146
0.1376810506141182
0.04146120666878507
0.27369149680033894
0.17706480523076665
0.12520293441344643
0.0679284977729218
0.062228660731088487
0.07169673904812024
0.1052132003369857
0.08497048520375132
0.03646737962714163
0.061982775103640926
0.02799704475760261
0.13208231814046376
0.1085442653547336
0.12511473348002292
0.061752355479556625
0.054781090912162884
0.06109204286190663
0.02143123895955427
0.05442026049966519
0.09787907412115454
0.05999189012022729
0.12949244877079266
0.06253982339216578
0.08011398573473043
0.0551576039205746
0.04772545754238427
0.039162810147277564
0.058902590024232544
0.08353906572376205
0.07453691511391727
0.06696699212900076
0.14863966310181767
0.10618034085379624
0.15612329920544826
0.12481316057825745
0.040083075476514705
0.10893332839500189
0.16516862556798886
0.1378783188823639
0.061481221690322774
0.14560808486475904
0.08270405565944976
0.09353968401478396
0.09368785330108641
0.15863157280153645
0.09454721208221747
0.21797323636034935
0.11252463628113735
0.09736679150819214
0.12557523045535895
0.11608031305950714
0.11311091835980838
0.14410465898906327
0.12157221790831027
0.06223013057175936
0.118003351479741
0.04515117912564889
0.05741227100584955
0.07013405844626762
0.05257290474086454
0.05110892874947613
0.04378621056205699
0.06865014136143682
0.04105414207774115
0.09494499875307341
0.029608891063617318
0.1139059724563719
0.14299181683189302
0.06734388305972573
0.20625942384274393
0.18073505516113436
0.13610942223724792
0.10907306084938521
0.174687310855989
0.11884637542791009
0.09166153035856324
0.22332570060400897
0.17428023997914752
0.33730385741688734
0.1482466843429633
0.09783285426656971
0.0680067821484346
0.05457686536238816
0.10434119563570558
0.07976987735849801
0.1213210351346235
0.21438841656157873
0.1757681211178703
0.2633135187427454
0.05401224472967341
0.04952750376089382
0.04752393107255753
0.08175507012250036
0.09511294915668764
0.19565654196146787
0.08706610610974089
0.06034308339060914
0.08189590973978411
0.10315386638406501
0.09669717973481441
0.11206767127195245
0.1076075539782768
0.24733386698186227
0.14324612784691684
0.2053228687709737
0.03194062616813921
0.020686165943823154
0.1459987558052319
0.16448966639322757
0.14439231232323504
0.11157043308039298
0.09904575502327524
0.16096943845916917
0.06988129787135976
0.1627188731350527
0.1677588329322152
0.1285185902886743
0.2517555900190202
0.12028276270829598
0.1432612837846604
0.05672611631008626
0.1835147594396136
0.15961421791933486
0.18619825982545254
0.09262358627289757
0.13240390118133324
0.10148098736868169
0.02153770220643428
0.03454696054238599
0.11501518783608561
0.15999793680435337
0.1268134718303069
0.03051914918877762
0.09357568664320957
0.057487503458471756
0.10087159946541732
0.04409658245826384
0.1555406397926761
0.03886550054958548
0.028111288829261297
0.13166768963076958
0.10870724509045748
0.1458670455258399
0.1121179921035713
0.1593812755495115
0.10104624410183097
0.14722669566911203
0.10331627135226823
0.044814507470658425
0.07128446673047639
0.0583070268291062
0.07495383066829275
0.07002173346511975
0.05213468535946731
0.05557190943212784
0.1524204106414939
0.0530560267173547
0.08536884944241381
0.05660009287438997
0.12890909844911208
0.04382238951879483
0.04250246981206496
0.05324057956123692
0.041017750203144084
0.017814002089644284
0.044392743442798074
0.18579034524803592
0.0678459792120198
0.038388179221674194
0.04390106891165774
0.08813908823708314
0.06781586933986412
0.0561360648557824
0.03397146961768167
0.033737135320955555
0.024246028192839456
0.07273572262908107
0.10325206383226418
0.0651546846979424
0.022515584100010984
0.03904937483755489
0.06225976231186614
0.03945987833275449
0.10201385521276853
0.05653507417823641
0.07445907968128213
0.08721307199874118
0.06036785702787197
0.04490758437689268
0.09653360450711675
0.04830964225423806
0.06842010145508838
0.14832283017759323
0.17606672149356137
0.05729624938334257
0.04749070744963948
0.17257877766698201
0.12329956093340556
0.11852476514452072
0.08158912159511263
0.08766852618377168
0.04607045602219576
0.06749263753517047
0.05195276997831266
0.06697168762085773
0.07382044948649436
0.09100835361262655
0.04650786865480565
0.08428424547396149
0.07283254508959691
0.15945128646180223
0.04169294531853876
0.03906061719259692
0.10110937256100176
0.05880941803743407
0.08002414001827593
0.07318543247599224
0.1272461483575802
0.1010790019852445
0.19265285175853405
0.060613676383967675
0.0842584513015293
0.036384352682696186
0.211228312546993
0.1326690071120025
0.21283034114412636
0.1493772849366729
0.07880188949481008
0.11958396055427736
0.06601014759747306
0.1298735450778342
0.0631393791843677
0.049009167903378933
0.12878734348047144
0.11418468566752035
0.12316622407729384
0.14043994501116686
0.09259253810826504
0.1408943418555569
0.0822432785364808
0.08229930422483316
0.07510518620079605
0.206178590093995
0.10352621658720537
0.08929898799194386
0.046706152485557505
0.16164871016283122
0.1222369285677684
0.16160435579011528
0.1373702569108563
0.14781965630605856
0.09382124725019642
0.1040890355616366
0.07760629538979899
0.07133977783628316
0.10348366322656455
0.18529803272010195
0.0830393693397172
0.1528542820926225
0.08006969901605637
0.07074399408516382
0.157535350975617
0.08546547496109201
0.11056052776052956
0.019467274531088437
0.10942479001424475
0.20694803136809214
0.08298263785679198
0.15329308782036044
0.31787787212688373
0.2883215289470945
0.26200850061020875
0.23048358143087078
0.12665458489905712
0.31817284450462474
0.12086493272553314
0.06422055569223706
0.0743355443302067
0.12230752504041449
0.054261499035771876
0.13133060249198508
0.025408199561025455
0.04454350661991049
0.01922496602206661
0.03564368172888789
0.05772141072163055
0.15876697830274314
0.1210050047749147
0.0726630786513864
0.1352269180277161
0.058026117057993876
0.06281279212059494
0.04046301746311142
0.08502862763419224
0.07531238793246017
0.03162479187836788
0.0619421174872218
0.021060531277459826
0.06582274332222074
0.06234840618571308
0.11967810113741602
0.14574857065028954
0.09426812172551388
0.10392900291551695
0.11668457169240748
0.19028251956753053
0.11674491975258573
0.1008746857011753
0.16605543431454253
0.11746119399112166
0.1324345847273521
0.14750314964942224
0.18290652402915208
0.2220174934083231
0.28624346691828895
0.1273304768727366
0.24142315451176216
0.1703035232022214
0.1533436279162304
0.07773212846805834
0.11436324475560299
0.07113471775812553
0.08083844923647061
0.086732014947989
0.1018680344787559
0.04516696036526603
0.03032064502597165
0.03955483426870433
0.04902239474478008
0.1413214102754103
0.09783820676619313
0.06434032990148082
0.04883469565966788
0.0564298451470287
0.09978538329654967
0.1852990800145192
0.03408414122836019
0.05480990432391145
0.12627841485525962
0.12066190457160102
0.11440919852797926
0.11095397523965918
0.04487697537645062
0.04785412976350589
0.07750642503699309
0.022803035307051998
0.11522795893699957
0.13969439108062534
0.03371048791231323
0.02080771130738945
0.09878869793966749
0.056165859095451985
0.07273020242211146
0.057795586658267256
0.07329582491889582
0.04663302368050783
0.05890961505578642
0.0634892435314145
0.18613185779914074
0.1016959115749563
0.1626616525415776
0.13993624615839942
0.14392984108689652
0.12357427717481197
0.09843817431739749
0.18667456192733756
0.10151558328682468
0.10210306704002978
0.1252792289058801
0.17099177849500358
0.0953595638386922
0.19688059942300656
0.21261075631706075
0.25363946924877
0.09476174743961507
0.056807573063934406
0.08888818442976092
0.07855138285204588
0.09163239753778644
0.05809293733947803
0.12444563744837749
0.1068832691888204
0.06448951466915898
0.09099349514075127
0.09739629695203227
0.0534298758267414
0.061123466753866575
0.15746481591298364
0.163819794220603
0.09446923826107329
0.17907106971378262
0.0638825718067271
0.10052171306781749
0.1126540908748416
0.04749545249790874
0.12586704318004024
0.07947435481259588
0.11897822213566332
0.15173974200233964
0.08369801751308963
0.01744804296293175
0.09646631030782235
0.03360360982865415
0.012330692101960824
0.0934604139963097
0.039330560283439786
0.1676314054692578
0.10858232558702473
0.07464038001795265
0.12477938187254384
0.09146434380924137
0.11387245675290535
0.09092657935848307
0.09632922283402699
0.07577668724474582
0.06259816971737645
0.041233226121384574
0.06331108937314793
0.040229504904401796
0.07497203248680341
0.023731774472055003
0.07692186160464146
0.11274599980313049
0.021098559377442885
0.035943225998520505
0.02726460917703354
0.0420484489046053
0.04886025067394888
0.047025637362024884
0.2150968689500162
0.14867355948865368
0.08399363046371117
0.19987017095749188
0.1030714833725749
0.1254605871777256
0.09809074583781775
0.10245499659704495
0.10719281979137787
0.24765511409447621
0.1282127220121179
0.18379709871235891
0.1591039528646734
0.18094586972000895
0.11726503296312106
0.14650461739410992
0.10989402738396091
0.12005968947196527
0.10737977642001771
0.11857133538257138
0.18307822794990983
0.11940939027951232
0.17604759923404706
0.10223115066509185
0.1511524737740121
0.13913608330787122
0.18210395203060556
0.13796851348390382
0.13458650522704396
0.07042431347743769
0.1400385422361085
0.08951974861862977
0.1181595778014491
0.08634360554525237
0.16369180855058035
0.07931788910004216
0.11799929625537459
0.21984438061790137
0.08170691566831137
0.08674265203905979
0.12766882942129096
0.10772629977462854
0.12733088398509546
0.11594664440501924
0.13979214931733158
0.11279664996984463
0.10118995302936817
0.12203071024794906
0.10879797731304366
0.08165270166494258
0.1018778852155398
0.12811965758503044
0.16832489283460797
0.07493280101174675
0.14863138964578915
0.06046655657067158
0.12787764395483905
0.08570173613811946
0.018025580324240023
0.1526492835735401
0.1382012145327599
0.10274081770663641
0.15000438645856126
0.11506499137929398
0.1263765167426955
0.06846125931217317
0.2159901386948414
0.26755703277415355
0.18993860259628226
0.17707229238688357
0.09637451938175631
0.19445876867185227
0.0707965926351303
0.07456025383944835
0.06281650040399243
0.040711213592953197
0.058384582413443416
0.04623471359913853
0.13208841438895738
0.05816138738677021
0.12129579600348527
0.21946818967805706
0.18557988905503467
0.07412574689488535
0.1707099372202657
0.1954923689738929
0.05784505254698998
0.04220256051509584
0.10829353719657538
0.03544505293020383
0.03243583108344879
0.09541198577378818
0.0341815379931245
0.08254329471688543
0.04919266636122474
0.05117721572578508
0.03496259556327166
0.04654697175235941
0.042750781509394944
0.14345697687695858
0.10720173862323501
0.07587368914898944
0.1457196625553498
0.09912742540237417
0.10591035063901089
0.059758097820618666
0.06875528894116331
0.06485413980034496
0.08344176898751043
0.09836472822103695
0.10226409274184789
0.05461546627739049
0.08509923613936035
0.13274279730975402
0.0850300736929955
0.30923146888144903
0.09707277644238976
0.07561080649096523
0.06612657940582947
0.05696171415998189
0.13400180983185472
0.11341071267785319
0.19933033812151796
0.10442154961458673
0.04224843401585752
0.21584161559948378
0.10497161868416499
0.13233324212436828
0.19862861146022834
0.09579213950005111
0.04457734367278843
